# Array shape: (45, 40, 40)
7.0554  1.0345  1.0098  1.0636  1.0430  1.0208  1.0496  1.0523  1.0850  1.0801  1.0872  1.0837  1.1019  1.0493  1.0375  1.0783  1.0760  1.0359  1.0527  1.0851  1.0701  1.0899  1.0727  1.0958  1.0931  1.0651  1.0764  1.0789  1.0678  1.0266  1.0643  1.0328  1.0037  1.0084  1.0079  1.0050  1.0038  1.0068  1.0078  1.0059 
1.0345  6.8603  1.6189  1.1830  1.3911  1.2261  1.5932  1.6527  1.4600  1.4486  1.5498  1.3486  1.3840  1.1878  1.6253  1.3836  1.3662  1.0572  1.7357  1.6119  1.1895  1.4273  1.3905  1.3418  1.3446  1.2122  1.3815  1.3261  1.1990  1.0735  1.2839  1.0652  1.0111  1.0076  1.0064  1.0137  1.0069  1.0098  1.0112  1.0096 
1.0098  1.6189  6.9117  1.1080  1.4990  1.2527  1.5728  1.3765  1.4677  1.3747  1.4252  1.2699  1.3126  1.1740  1.6757  1.3872  1.2139  1.0606  1.2520  1.3744  1.1172  1.2893  1.4828  1.3227  1.3591  1.1714  1.3101  1.2627  1.1901  1.0725  1.2101  1.0604  1.0099  1.0066  1.0085  1.0072  1.0070  1.0087  1.0135  1.0043 
1.0636  1.1830  1.1080  6.7036  1.0895  1.0699  1.1794  1.1048  1.1620  1.0894  1.1262  1.3292  1.1729  1.0672  1.1339  1.1086  1.3229  1.0235  1.2070  1.3247  1.8905  1.2535  1.1769  1.1425  1.1178  1.4751  1.1360  1.1079  1.0603  1.0315  1.0979  1.0234  1.0088  1.0089  1.0076  1.0060  1.0124  1.0079  1.0118  1.0072 
1.0430  1.3911  1.4990  1.0895  6.7722  1.5044  1.6723  1.3197  1.5922  1.5887  1.6482  1.2290  1.4038  1.2472  1.8120  1.8282  1.2047  1.0930  1.2417  1.3508  1.1030  1.3991  1.7097  1.4996  1.6022  1.1543  1.5461  1.4629  1.3562  1.1010  1.3691  1.0926  1.0074  1.0093  1.0093  1.0091  1.0088  1.0097  1.0105  1.0093 
1.0208  1.2261  1.2527  1.0699  1.5044  6.9667  1.5264  1.1731  1.3634  1.3955  1.3676  1.2092  1.2142  1.1233  1.3260  1.3760  1.1724  1.0547  1.1190  1.2334  1.0761  1.2073  1.3206  1.2776  1.3181  1.1109  1.2558  1.2478  1.1720  1.0605  1.1757  1.0616  1.0067  1.0105  1.0093  1.0114  1.0092  1.0146  1.0081  1.0081 
1.0496  1.5932  1.5728  1.1794  1.6723  1.5264  6.8296  1.3555  2.0618  1.6287  1.9109  1.5288  1.5992  1.2003  1.7442  1.6377  1.4398  1.0762  1.2853  1.6043  1.2132  1.5389  1.6930  1.6161  1.6341  1.2963  1.5150  1.4340  1.2512  1.0688  1.3333  1.0706  1.0071  1.0126  1.0095  1.0093  1.0082  1.0108  1.0088  1.0072 
1.0523  1.6527  1.3765  1.1048  1.3197  1.1731  1.3555  6.9268  1.3096  1.5672  1.4677  1.2699  1.2597  1.1200  1.3547  1.2734  1.2253  1.0396  1.2827  1.2746  1.1106  1.2640  1.2743  1.2271  1.2306  1.1248  1.2139  1.2058  1.1451  1.0361  1.1581  1.0338  1.0073  1.0053  1.0073  1.0104  1.0060  1.0106  1.0076  1.0098 
1.0850  1.4600  1.4677  1.1620  1.5922  1.3634  2.0618  1.3096  6.7387  1.5883  1.7701  1.4440  1.7457  1.2701  1.6377  1.8860  1.4571  1.1101  1.3094  1.5844  1.1960  1.6294  1.7349  1.8535  1.8619  1.2763  1.6986  1.6467  1.3622  1.1034  1.5266  1.1055  1.0100  1.0077  1.0076  1.0049  1.0051  1.0099  1.0117  1.0063 
1.0801  1.4486  1.3747  1.0894  1.5887  1.3955  1.6287  1.5672  1.5883  6.9168  1.8630  1.3356  1.4431  1.1646  1.5207  1.4524  1.2602  1.0678  1.2494  1.3327  1.0981  1.2947  1.4362  1.4103  1.3804  1.1247  1.3545  1.3372  1.2595  1.0540  1.2529  1.0610  1.0094  1.0101  1.0056  1.0121  1.0044  1.0097  1.0127  1.0093 
1.0872  1.5498  1.4252  1.1262  1.6482  1.3676  1.9109  1.4677  1.7701  1.8630  6.9044  1.3606  1.8784  1.2581  1.6195  1.6283  1.3247  1.0933  1.3031  1.5220  1.1435  1.4630  1.6624  1.5227  1.6189  1.1782  1.5352  1.5276  1.3700  1.0841  1.4202  1.0878  1.0073  1.0105  1.0077  1.0107  1.0053  1.0066  1.0074  1.0083 
1.0837  1.3486  1.2699  1.3292  1.2290  1.2092  1.5288  1.2699  1.4440  1.3356  1.3606  6.7867  1.4806  1.2138  1.3110  1.2867  1.8642  1.0787  1.2511  1.6458  1.4823  1.4583  1.3207  1.3272  1.2840  1.6021  1.3302  1.2602  1.1965  1.0781  1.3188  1.0752  1.0148  1.0087  1.0072  1.0054  1.0066  1.0098  1.0129  1.0070 
1.1019  1.3840  1.3126  1.1729  1.4038  1.2142  1.5992  1.2597  1.7457  1.4431  1.8784  1.4806  6.8335  1.3989  1.3997  1.4898  1.4055  1.1650  1.2528  1.4853  1.1911  1.4173  1.4975  1.5139  1.5107  1.2413  1.5859  1.5874  1.3888  1.1330  1.5598  1.1517  1.0102  1.0055  1.0106  1.0066  1.0071  1.0101  1.0058  1.0070 
1.0493  1.1878  1.1740  1.0672  1.2472  1.1233  1.2003  1.1200  1.2701  1.1646  1.2581  1.2138  1.3989  6.9391  1.2082  1.3022  1.1423  1.8020  1.1668  1.1730  1.0842  1.1667  1.2042  1.2704  1.2486  1.1099  1.2903  1.2622  1.3350  1.2425  1.5913  1.4971  1.0072  1.0105  1.0086  1.0076  1.0079  1.0100  1.0036  1.0108 
1.0375  1.6253  1.6757  1.1339  1.8120  1.3260  1.7442  1.3547  1.6377  1.5207  1.6195  1.3110  1.3997  1.2082  6.8342  1.7982  1.3205  1.0856  1.3425  1.5255  1.1661  1.5250  1.8481  1.7062  1.7779  1.2027  1.6601  1.5114  1.3952  1.0922  1.4025  1.1104  1.0106  1.0089  1.0124  1.0071  1.0103  1.0111  1.0099  1.0048 
1.0783  1.3836  1.3872  1.1086  1.8282  1.3760  1.6377  1.2734  1.8860  1.4524  1.6283  1.2867  1.4898  1.3022  1.7982  6.7662  1.3014  1.1312  1.2359  1.4512  1.1301  1.5927  1.9181  1.9606  2.0467  1.2186  1.8534  1.6956  1.5407  1.1242  1.4715  1.1399  1.0089  1.0106  1.0111  1.0062  1.0055  1.0082  1.0070  1.0070 
1.0760  1.3662  1.2139  1.3229  1.2047  1.1724  1.4398  1.2253  1.4571  1.2602  1.3247  1.8642  1.4055  1.1423  1.3205  1.3014  6.7998  1.0566  1.3222  1.5798  1.5768  1.6244  1.3329  1.4366  1.3289  1.8648  1.3727  1.3224  1.1910  1.0725  1.3187  1.0580  1.0119  1.0073  1.0074  1.0055  1.0050  1.0082  1.0095  1.0076 
1.0359  1.0572  1.0606  1.0235  1.0930  1.0547  1.0762  1.0396  1.1101  1.0678  1.0933  1.0787  1.1650  1.8020  1.0856  1.1312  1.0566  6.9604  1.0566  1.0727  1.0294  1.0803  1.0984  1.1246  1.1436  1.0431  1.1368  1.1612  1.2670  1.3158  1.2961  1.5916  1.0079  1.0071  1.0060  1.0093  1.0092  1.0084  1.0036  1.0095 
1.0527  1.7357  1.2520  1.2070  1.2417  1.1190  1.2853  1.2827  1.3094  1.2494  1.3031  1.2511  1.2528  1.1668  1.3425  1.2359  1.3222  1.0566  6.7683  1.5169  1.2297  1.3522  1.3067  1.3361  1.3068  1.2937  1.2681  1.2456  1.1542  1.0646  1.1880  1.0594  1.0067  1.0096  1.0079  1.0091  1.0063  1.0072  1.0096  1.0070 
1.0851  1.6119  1.3744  1.3247  1.3508  1.2334  1.6043  1.2746  1.5844  1.3327  1.5220  1.6458  1.4853  1.1730  1.5255  1.4512  1.5798  1.0727  1.5169  6.8218  1.4026  1.8214  1.7019  1.5848  1.5406  1.4259  1.5353  1.3811  1.2224  1.0840  1.3554  1.0758  1.0082  1.0073  1.0090  1.0078  1.0054  1.0109  1.0098  1.0081 
1.0701  1.1895  1.1172  1.8905  1.1030  1.0761  1.2132  1.1106  1.1960  1.0981  1.1435  1.4823  1.1911  1.0842  1.1661  1.1301  1.5768  1.0294  1.2297  1.4026  6.7594  1.3139  1.1938  1.1995  1.1485  2.0543  1.1957  1.1393  1.0782  1.0410  1.1293  1.0317  1.0095  1.0077  1.0060  1.0040  1.0102  1.0068  1.0109  1.0049 
1.0899  1.4273  1.2893  1.2535  1.3991  1.2073  1.5389  1.2640  1.6294  1.2947  1.4630  1.4583  1.4173  1.1667  1.5250  1.5927  1.6244  1.0803  1.3522  1.8214  1.3139  6.7164  1.7288  1.7940  1.7405  1.4420  1.7685  1.5647  1.3514  1.1113  1.3601  1.0926  1.0085  1.0089  1.0070  1.0097  1.0046  1.0096  1.0086  1.0051 
1.0727  1.3905  1.4828  1.1769  1.7097  1.3206  1.6930  1.2743  1.7349  1.4362  1.6624  1.3207  1.4975  1.2042  1.8481  1.9181  1.3329  1.0984  1.3067  1.7019  1.1938  1.7288  6.7796  1.7783  1.8885  1.2470  1.8263  1.5865  1.4100  1.1316  1.3729  1.1018  1.0086  1.0055  1.0079  1.0054  1.0064  1.0089  1.0077  1.0057 
1.0958  1.3418  1.3227  1.1425  1.4996  1.2776  1.6161  1.2271  1.8535  1.4103  1.5227  1.3272  1.5139  1.2704  1.7062  1.9606  1.4366  1.1246  1.3361  1.5848  1.1995  1.7940  1.7783  6.7410  2.2182  1.3137  2.1138  1.7832  1.5793  1.1639  1.5188  1.1337  1.0068  1.0096  1.0090  1.0059  1.0038  1.0065  1.0126  1.0047 
1.0931  1.3446  1.3591  1.1178  1.6022  1.3181  1.6341  1.2306  1.8619  1.3804  1.6189  1.2840  1.5107  1.2486  1.7779  2.0467  1.3289  1.1436  1.3068  1.5406  1.1485  1.7405  1.8885  2.2182  6.7177  1.2500  2.1460  2.0670  1.6367  1.1734  1.5730  1.1629  1.0064  1.0112  1.0089  1.0073  1.0048  1.0107  1.0122  1.0063 
1.0651  1.2122  1.1714  1.4751  1.1543  1.1109  1.2963  1.1248  1.2763  1.1247  1.1782  1.6021  1.2413  1.1099  1.2027  1.2186  1.8648  1.0431  1.2937  1.4259  2.0543  1.4420  1.2470  1.3137  1.2500  6.7594  1.2495  1.2127  1.1411  1.0575  1.1962  1.0453  1.0099  1.0094  1.0059  1.0045  1.0072  1.0073  1.0125  1.0050 
1.0764  1.3815  1.3101  1.1360  1.5461  1.2558  1.5150  1.2139  1.6986  1.3545  1.5352  1.3302  1.5859  1.2903  1.6601  1.8534  1.3727  1.1368  1.2681  1.5353  1.1957  1.7685  1.8263  2.1138  2.1460  1.2495  6.7613  2.2782  1.7022  1.2022  1.6469  1.1778  1.0110  1.0062  1.0067  1.0056  1.0080  1.0070  1.0088  1.0035 
1.0789  1.3261  1.2627  1.1079  1.4629  1.2478  1.4340  1.2058  1.6467  1.3372  1.5276  1.2602  1.5874  1.2622  1.5114  1.6956  1.3224  1.1612  1.2456  1.3811  1.1393  1.5647  1.5865  1.7832  2.0670  1.2127  2.2782  6.7615  1.9267  1.2704  1.7636  1.2104  1.0041  1.0102  1.0096  1.0070  1.0091  1.0070  1.0077  1.0060 
1.0678  1.1990  1.1901  1.0603  1.3562  1.1720  1.2512  1.1451  1.3622  1.2595  1.3700  1.1965  1.3888  1.3350  1.3952  1.5407  1.1910  1.2670  1.1542  1.2224  1.0782  1.3514  1.4100  1.5793  1.6367  1.1411  1.7022  1.9267  6.8149  1.3392  1.7910  1.3546  1.0077  1.0084  1.0099  1.0152  1.0069  1.0119  1.0035  1.0055 
1.0266  1.0735  1.0725  1.0315  1.1010  1.0605  1.0688  1.0361  1.1034  1.0540  1.0841  1.0781  1.1330  1.2425  1.0922  1.1242  1.0725  1.3158  1.0646  1.0840  1.0410  1.1113  1.1316  1.1639  1.1734  1.0575  1.2022  1.2704  1.3392  6.8744  1.3332  2.0066  1.0064  1.0066  1.0073  1.0117  1.0073  1.0086  1.0108  1.0105 
1.0643  1.2839  1.2101  1.0979  1.3691  1.1757  1.3333  1.1581  1.5266  1.2529  1.4202  1.3188  1.5598  1.5913  1.4025  1.4715  1.3187  1.2961  1.1880  1.3554  1.1293  1.3601  1.3729  1.5188  1.5730  1.1962  1.6469  1.7636  1.7910  1.3332  6.8069  1.3430  1.0062  1.0071  1.0109  1.0076  1.0063  1.0165  1.0041  1.0042 
1.0328  1.0652  1.0604  1.0234  1.0926  1.0616  1.0706  1.0338  1.1055  1.0610  1.0878  1.0752  1.1517  1.4971  1.1104  1.1399  1.0580  1.5916  1.0594  1.0758  1.0317  1.0926  1.1018  1.1337  1.1629  1.0453  1.1778  1.2104  1.3546  2.0066  1.3430  6.9576  1.0074  1.0072  1.0067  1.0125  1.0076  1.0093  1.0080  1.0094 
1.0037  1.0111  1.0099  1.0088  1.0074  1.0067  1.0071  1.0073  1.0100  1.0094  1.0073  1.0148  1.0102  1.0072  1.0106  1.0089  1.0119  1.0079  1.0067  1.0082  1.0095  1.0085  1.0086  1.0068  1.0064  1.0099  1.0110  1.0041  1.0077  1.0064  1.0062  1.0074  6.7005  1.0288  1.0141  1.0130  1.0065  1.0124  1.0075  1.0071 
1.0084  1.0076  1.0066  1.0089  1.0093  1.0105  1.0126  1.0053  1.0077  1.0101  1.0105  1.0087  1.0055  1.0105  1.0089  1.0106  1.0073  1.0071  1.0096  1.0073  1.0077  1.0089  1.0055  1.0096  1.0112  1.0094  1.0062  1.0102  1.0084  1.0066  1.0071  1.0072  1.0288  6.8285  1.0207  1.0176  1.0112  1.0085  1.0059  1.0049 
1.0079  1.0064  1.0085  1.0076  1.0093  1.0093  1.0095  1.0073  1.0076  1.0056  1.0077  1.0072  1.0106  1.0086  1.0124  1.0111  1.0074  1.0060  1.0079  1.0090  1.0060  1.0070  1.0079  1.0090  1.0089  1.0059  1.0067  1.0096  1.0099  1.0073  1.0109  1.0067  1.0141  1.0207  6.7991  1.0087  1.0060  1.0059  1.0064  1.0134 
1.0050  1.0137  1.0072  1.0060  1.0091  1.0114  1.0093  1.0104  1.0049  1.0121  1.0107  1.0054  1.0066  1.0076  1.0071  1.0062  1.0055  1.0093  1.0091  1.0078  1.0040  1.0097  1.0054  1.0059  1.0073  1.0045  1.0056  1.0070  1.0152  1.0117  1.0076  1.0125  1.0130  1.0176  1.0087  6.7297  1.0094  1.0048  1.0065  1.0113 
1.0038  1.0069  1.0070  1.0124  1.0088  1.0092  1.0082  1.0060  1.0051  1.0044  1.0053  1.0066  1.0071  1.0079  1.0103  1.0055  1.0050  1.0092  1.0063  1.0054  1.0102  1.0046  1.0064  1.0038  1.0048  1.0072  1.0080  1.0091  1.0069  1.0073  1.0063  1.0076  1.0065  1.0112  1.0060  1.0094  6.7406  1.0065  1.0036  1.0077 
1.0068  1.0098  1.0087  1.0079  1.0097  1.0146  1.0108  1.0106  1.0099  1.0097  1.0066  1.0098  1.0101  1.0100  1.0111  1.0082  1.0082  1.0084  1.0072  1.0109  1.0068  1.0096  1.0089  1.0065  1.0107  1.0073  1.0070  1.0070  1.0119  1.0086  1.0165  1.0093  1.0124  1.0085  1.0059  1.0048  1.0065  7.0140  1.0296  1.0425 
1.0078  1.0112  1.0135  1.0118  1.0105  1.0081  1.0088  1.0076  1.0117  1.0127  1.0074  1.0129  1.0058  1.0036  1.0099  1.0070  1.0095  1.0036  1.0096  1.0098  1.0109  1.0086  1.0077  1.0126  1.0122  1.0125  1.0088  1.0077  1.0035  1.0108  1.0041  1.0080  1.0075  1.0059  1.0064  1.0065  1.0036  1.0296  6.8530  1.0549 
1.0059  1.0096  1.0043  1.0072  1.0093  1.0081  1.0072  1.0098  1.0063  1.0093  1.0083  1.0070  1.0070  1.0108  1.0048  1.0070  1.0076  1.0095  1.0070  1.0081  1.0049  1.0051  1.0057  1.0047  1.0063  1.0050  1.0035  1.0060  1.0055  1.0105  1.0042  1.0094  1.0071  1.0049  1.0134  1.0113  1.0077  1.0425  1.0549  7.1845 
# New slice
6.9249  1.0422  1.0170  1.0342  1.0555  1.0290  1.0516  1.0516  1.0792  1.0829  1.0992  1.0658  1.0892  1.0611  1.0470  1.0815  1.0619  1.0395  1.0651  1.0608  1.0349  1.0820  1.0720  1.0836  1.0790  1.0485  1.0788  1.0715  1.0576  1.0294  1.0666  1.0311  1.0097  1.0057  1.0085  1.0062  1.0070  1.0081  1.0076  1.0063 
1.0422  6.8806  1.4355  1.1398  1.2995  1.2156  1.4804  1.3301  1.3870  1.4212  1.4136  1.2796  1.2644  1.1384  1.5012  1.3303  1.2528  1.0371  1.5861  1.4822  1.1185  1.3952  1.3702  1.3509  1.2858  1.1800  1.2669  1.2437  1.1456  1.0742  1.1773  1.0491  1.0103  1.0099  1.0071  1.0074  1.0099  1.0068  1.0070  1.0046 
1.0170  1.4355  6.9757  1.0589  1.4451  1.3361  1.6190  1.2506  1.4101  1.3722  1.4405  1.2420  1.3073  1.1661  1.5211  1.4196  1.1865  1.0572  1.1540  1.2958  1.0711  1.2917  1.4357  1.3605  1.3232  1.0992  1.3295  1.2785  1.1900  1.0593  1.1941  1.0581  1.0077  1.0070  1.0032  1.0084  1.0094  1.0093  1.0101  1.0111 
1.0342  1.1398  1.0589  6.6473  1.0464  1.0356  1.0898  1.0465  1.0713  1.0512  1.0696  1.2683  1.0990  1.0581  1.0843  1.0587  1.2549  1.0246  1.1576  1.2607  1.8401  1.1131  1.0837  1.0670  1.0557  1.4489  1.0639  1.0583  1.0286  1.0200  1.0605  1.0229  1.0067  1.0066  1.0080  1.0075  1.0077  1.0046  1.0083  1.0069 
1.0555  1.2995  1.4451  1.0464  6.8085  1.4717  1.5526  1.2423  1.6081  1.5426  1.5435  1.1594  1.3452  1.1920  1.5554  1.8369  1.1448  1.0891  1.1537  1.2648  1.0557  1.4282  1.6734  1.6728  1.6286  1.0737  1.5723  1.5889  1.4238  1.1016  1.3866  1.1051  1.0061  1.0061  1.0081  1.0120  1.0126  1.0043  1.0063  1.0097 
1.0290  1.2156  1.3361  1.0356  1.4717  6.9303  1.7238  1.1847  1.3941  1.3684  1.3860  1.1824  1.2337  1.1484  1.2846  1.3680  1.1260  1.0589  1.0976  1.2006  1.0375  1.2364  1.3655  1.2928  1.3215  1.0645  1.2740  1.2496  1.2225  1.0631  1.1792  1.0711  1.0068  1.0078  1.0102  1.0074  1.0097  1.0063  1.0065  1.0060 
1.0516  1.4804  1.6190  1.0898  1.5526  1.7238  6.8288  1.3184  1.7538  1.6339  1.7048  1.3872  1.4803  1.1898  1.6373  1.5534  1.2826  1.0651  1.2336  1.4032  1.1082  1.4639  1.6002  1.4533  1.4863  1.1665  1.4397  1.3028  1.2213  1.0635  1.3016  1.0687  1.0054  1.0047  1.0057  1.0116  1.0113  1.0060  1.0084  1.0094 
1.0516  1.3301  1.2506  1.0465  1.2423  1.1847  1.3184  6.9977  1.2547  1.4061  1.3207  1.1868  1.1882  1.0919  1.2504  1.2529  1.1113  1.0274  1.1332  1.1592  1.0406  1.1613  1.2246  1.2128  1.2148  1.0554  1.2018  1.1723  1.1334  1.0379  1.1257  1.0332  1.0088  1.0080  1.0057  1.0079  1.0111  1.0058  1.0066  1.0064 
1.0792  1.3870  1.4101  1.0713  1.6081  1.3941  1.7538  1.2547  6.7266  1.4718  1.6569  1.3183  1.5728  1.2912  1.5701  1.7761  1.2871  1.0998  1.2145  1.4024  1.0935  1.4838  1.6065  1.8136  1.7014  1.1579  1.6612  1.5838  1.4136  1.1118  1.5169  1.1194  1.0061  1.0063  1.0043  1.0109  1.0147  1.0049  1.0064  1.0117 
1.0829  1.4212  1.3722  1.0512  1.5426  1.3684  1.6339  1.4061  1.4718  7.0074  1.8746  1.1847  1.3228  1.1490  1.3776  1.4582  1.1807  1.0458  1.1915  1.2037  1.0413  1.2722  1.3865  1.3543  1.2902  1.0644  1.2974  1.2779  1.2113  1.0677  1.2517  1.0588  1.0071  1.0052  1.0060  1.0084  1.0086  1.0074  1.0059  1.0107 
1.0992  1.4136  1.4405  1.0696  1.5435  1.3860  1.7048  1.3207  1.6569  1.8746  6.9150  1.2619  1.5493  1.2307  1.4746  1.5384  1.2268  1.0813  1.2109  1.2791  1.0734  1.3655  1.5332  1.5103  1.4593  1.1149  1.5378  1.4169  1.3388  1.0972  1.4084  1.1194  1.0054  1.0046  1.0048  1.0076  1.0093  1.0033  1.0040  1.0071 
1.0658  1.2796  1.2420  1.2683  1.1594  1.1824  1.3872  1.1868  1.3183  1.1847  1.2619  6.8195  1.3307  1.1783  1.2236  1.1834  1.7709  1.0750  1.2072  1.4288  1.4232  1.2779  1.2137  1.2272  1.1945  1.5436  1.1916  1.2000  1.1118  1.0567  1.1952  1.0675  1.0085  1.0082  1.0055  1.0078  1.0077  1.0056  1.0070  1.0061 
1.0892  1.2644  1.3073  1.0990  1.3452  1.2337  1.4803  1.1882  1.5728  1.3228  1.5493  1.3307  6.7538  1.4356  1.3399  1.3955  1.2918  1.1581  1.1908  1.3181  1.1171  1.3695  1.3639  1.4374  1.4103  1.1772  1.4297  1.3827  1.3246  1.1549  1.5054  1.1657  1.0036  1.0078  1.0067  1.0069  1.0101  1.0051  1.0084  1.0081 
1.0611  1.1384  1.1661  1.0581  1.1920  1.1484  1.1898  1.0919  1.2912  1.1490  1.2307  1.1783  1.4356  6.9208  1.1985  1.2044  1.1752  1.6376  1.1242  1.1647  1.0602  1.1848  1.1935  1.2348  1.2495  1.1017  1.2879  1.2840  1.3538  1.2678  1.6575  1.4624  1.0060  1.0120  1.0082  1.0053  1.0083  1.0049  1.0116  1.0059 
1.0470  1.5012  1.5211  1.0843  1.5554  1.2846  1.6373  1.2504  1.5701  1.3776  1.4746  1.2236  1.3399  1.1985  6.7758  1.6577  1.1959  1.0723  1.2243  1.4288  1.0823  1.5335  1.8359  1.5937  1.5855  1.1189  1.5708  1.4361  1.2942  1.0801  1.2791  1.0881  1.0074  1.0078  1.0072  1.0059  1.0107  1.0055  1.0071  1.0099 
1.0815  1.3303  1.4196  1.0587  1.8369  1.3680  1.5534  1.2529  1.7761  1.4582  1.5384  1.1834  1.3955  1.2044  1.6577  6.7499  1.1987  1.1000  1.1898  1.3326  1.0633  1.5116  1.9339  1.9592  1.9175  1.1084  1.7748  1.7398  1.5021  1.1202  1.3767  1.1257  1.0081  1.0102  1.0079  1.0070  1.0078  1.0071  1.0054  1.0050 
1.0619  1.2528  1.1865  1.2549  1.1448  1.1260  1.2826  1.1113  1.2871  1.1807  1.2268  1.7709  1.2918  1.1752  1.1959  1.1987  6.7211  1.0656  1.2439  1.4366  1.3586  1.4067  1.2168  1.2364  1.2188  1.7349  1.2004  1.1838  1.1151  1.0493  1.1953  1.0654  1.0087  1.0071  1.0075  1.0063  1.0070  1.0058  1.0077  1.0123 
1.0395  1.0371  1.0572  1.0246  1.0891  1.0589  1.0651  1.0274  1.0998  1.0458  1.0813  1.0750  1.1581  1.6376  1.0723  1.1000  1.0656  7.0361  1.0308  1.0647  1.0307  1.0877  1.0923  1.1232  1.1199  1.0421  1.1472  1.1868  1.2955  1.4868  1.3470  1.8418  1.0085  1.0068  1.0037  1.0028  1.0129  1.0044  1.0078  1.0104 
1.0651  1.5861  1.1540  1.1576  1.1537  1.0976  1.2336  1.1332  1.2145  1.1915  1.2109  1.2072  1.1908  1.1242  1.2243  1.1898  1.2439  1.0308  6.7925  1.3089  1.1320  1.3416  1.2133  1.1891  1.2025  1.1810  1.1465  1.1466  1.0897  1.0302  1.1199  1.0350  1.0126  1.0097  1.0073  1.0063  1.0068  1.0101  1.0060  1.0077 
1.0608  1.4822  1.2958  1.2607  1.2648  1.2006  1.4032  1.1592  1.4024  1.2037  1.2791  1.4288  1.3181  1.1647  1.4288  1.3326  1.4366  1.0647  1.3089  6.7350  1.2773  1.4798  1.4677  1.4006  1.3524  1.3619  1.3469  1.2586  1.1656  1.0654  1.2142  1.0758  1.0057  1.0071  1.0053  1.0065  1.0087  1.0053  1.0093  1.0127 
1.0349  1.1185  1.0711  1.8401  1.0557  1.0375  1.1082  1.0406  1.0935  1.0413  1.0734  1.4232  1.1171  1.0602  1.0823  1.0633  1.3586  1.0307  1.1320  1.2773  6.6776  1.1299  1.0932  1.0795  1.0704  1.7096  1.0755  1.0684  1.0339  1.0202  1.0700  1.0248  1.0073  1.0055  1.0092  1.0067  1.0075  1.0046  1.0123  1.0073 
1.0820  1.3952  1.2917  1.1131  1.4282  1.2364  1.4639  1.1613  1.4838  1.2722  1.3655  1.2779  1.3695  1.1848  1.5335  1.5116  1.4067  1.0877  1.3416  1.4798  1.1299  6.6796  1.5541  1.6966  1.6629  1.2308  1.4934  1.4795  1.2946  1.0960  1.3178  1.0990  1.0058  1.0056  1.0053  1.0059  1.0080  1.0062  1.0090  1.0054 
1.0720  1.3702  1.4357  1.0837  1.6734  1.3655  1.6002  1.2246  1.6065  1.3865  1.5332  1.2137  1.3639  1.1935  1.8359  1.9339  1.2168  1.0923  1.2133  1.4677  1.0932  1.5541  6.7405  1.7668  1.8218  1.1417  1.7820  1.5159  1.3762  1.1033  1.3231  1.1103  1.0064  1.0080  1.0055  1.0084  1.0086  1.0105  1.0049  1.0077 
1.0836  1.3509  1.3605  1.0670  1.6728  1.2928  1.4533  1.2128  1.8136  1.3543  1.5103  1.2272  1.4374  1.2348  1.5937  1.9592  1.2364  1.1232  1.1891  1.4006  1.0795  1.6966  1.7668  6.6923  2.2295  1.1271  2.0522  1.8916  1.5389  1.1659  1.4618  1.1465  1.0077  1.0056  1.0087  1.0055  1.0093  1.0055  1.0060  1.0081 
1.0790  1.2858  1.3232  1.0557  1.6286  1.3215  1.4863  1.2148  1.7014  1.2902  1.4593  1.1945  1.4103  1.2495  1.5855  1.9175  1.2188  1.1199  1.2025  1.3524  1.0704  1.6629  1.8218  2.2295  6.7120  1.1231  1.8748  1.8992  1.5367  1.1346  1.6066  1.1656  1.0051  1.0095  1.0067  1.0070  1.0086  1.0079  1.0070  1.0120 
1.0485  1.1800  1.0992  1.4489  1.0737  1.0645  1.1665  1.0554  1.1579  1.0644  1.1149  1.5436  1.1772  1.1017  1.1189  1.1084  1.7349  1.0421  1.1810  1.3619  1.7096  1.2308  1.1417  1.1271  1.1231  6.7462  1.1119  1.1071  1.0580  1.0383  1.1125  1.0431  1.0081  1.0064  1.0099  1.0097  1.0055  1.0055  1.0065  1.0081 
1.0788  1.2669  1.3295  1.0639  1.5723  1.2740  1.4397  1.2018  1.6612  1.2974  1.5378  1.1916  1.4297  1.2879  1.5708  1.7748  1.2004  1.1472  1.1465  1.3469  1.0755  1.4934  1.7820  2.0522  1.8748  1.1119  6.7371  2.0538  1.6227  1.1862  1.6450  1.1781  1.0067  1.0108  1.0084  1.0064  1.0076  1.0072  1.0084  1.0117 
1.0715  1.2437  1.2785  1.0583  1.5889  1.2496  1.3028  1.1723  1.5838  1.2779  1.4169  1.2000  1.3827  1.2840  1.4361  1.7398  1.1838  1.1868  1.1466  1.2586  1.0684  1.4795  1.5159  1.8916  1.8992  1.1071  2.0538  6.7328  1.7824  1.2742  1.6756  1.2587  1.0075  1.0078  1.0098  1.0035  1.0110  1.0030  1.0068  1.0072 
1.0576  1.1456  1.1900  1.0286  1.4238  1.2225  1.2213  1.1334  1.4136  1.2113  1.3388  1.1118  1.3246  1.3538  1.2942  1.5021  1.1151  1.2955  1.0897  1.1656  1.0339  1.2946  1.3762  1.5389  1.5367  1.0580  1.6227  1.7824  6.7825  1.3986  1.7486  1.3463  1.0072  1.0106  1.0075  1.0073  1.0078  1.0049  1.0081  1.0069 
1.0294  1.0742  1.0593  1.0200  1.1016  1.0631  1.0635  1.0379  1.1118  1.0677  1.0972  1.0567  1.1549  1.2678  1.0801  1.1202  1.0493  1.4868  1.0302  1.0654  1.0202  1.0960  1.1033  1.1659  1.1346  1.0383  1.1862  1.2742  1.3986  6.9186  1.4073  1.9615  1.0065  1.0120  1.0051  1.0049  1.0123  1.0066  1.0064  1.0072 
1.0666  1.1773  1.1941  1.0605  1.3866  1.1792  1.3016  1.1257  1.5169  1.2517  1.4084  1.1952  1.5054  1.6575  1.2791  1.3767  1.1953  1.3470  1.1199  1.2142  1.0700  1.3178  1.3231  1.4618  1.6066  1.1125  1.6450  1.6756  1.7486  1.4073  6.8359  1.3840  1.0069  1.0105  1.0057  1.0067  1.0108  1.0040  1.0088  1.0109 
1.0311  1.0491  1.0581  1.0229  1.1051  1.0711  1.0687  1.0332  1.1194  1.0588  1.1194  1.0675  1.1657  1.4624  1.0881  1.1257  1.0654  1.8418  1.0350  1.0758  1.0248  1.0990  1.1103  1.1465  1.1656  1.0431  1.1781  1.2587  1.3463  1.9615  1.3840  6.9546  1.0063  1.0098  1.0081  1.0054  1.0113  1.0038  1.0090  1.0077 
1.0097  1.0103  1.0077  1.0067  1.0061  1.0068  1.0054  1.0088  1.0061  1.0071  1.0054  1.0085  1.0036  1.0060  1.0074  1.0081  1.0087  1.0085  1.0126  1.0057  1.0073  1.0058  1.0064  1.0077  1.0051  1.0081  1.0067  1.0075  1.0072  1.0065  1.0069  1.0063  6.6916  1.0212  1.0142  1.0126  1.0047  1.0076  1.0093  1.0072 
1.0057  1.0099  1.0070  1.0066  1.0061  1.0078  1.0047  1.0080  1.0063  1.0052  1.0046  1.0082  1.0078  1.0120  1.0078  1.0102  1.0071  1.0068  1.0097  1.0071  1.0055  1.0056  1.0080  1.0056  1.0095  1.0064  1.0108  1.0078  1.0106  1.0120  1.0105  1.0098  1.0212  6.7748  1.0549  1.0137  1.0087  1.0069  1.0077  1.0058 
1.0085  1.0071  1.0032  1.0080  1.0081  1.0102  1.0057  1.0057  1.0043  1.0060  1.0048  1.0055  1.0067  1.0082  1.0072  1.0079  1.0075  1.0037  1.0073  1.0053  1.0092  1.0053  1.0055  1.0087  1.0067  1.0099  1.0084  1.0098  1.0075  1.0051  1.0057  1.0081  1.0142  1.0549  6.7797  1.0098  1.0135  1.0082  1.0054  1.0099 
1.0062  1.0074  1.0084  1.0075  1.0120  1.0074  1.0116  1.0079  1.0109  1.0084  1.0076  1.0078  1.0069  1.0053  1.0059  1.0070  1.0063  1.0028  1.0063  1.0065  1.0067  1.0059  1.0084  1.0055  1.0070  1.0097  1.0064  1.0035  1.0073  1.0049  1.0067  1.0054  1.0126  1.0137  1.0098  6.7062  1.0178  1.0074  1.0049  1.0049 
1.0070  1.0099  1.0094  1.0077  1.0126  1.0097  1.0113  1.0111  1.0147  1.0086  1.0093  1.0077  1.0101  1.0083  1.0107  1.0078  1.0070  1.0129  1.0068  1.0087  1.0075  1.0080  1.0086  1.0093  1.0086  1.0055  1.0076  1.0110  1.0078  1.0123  1.0108  1.0113  1.0047  1.0087  1.0135  1.0178  6.7727  1.0064  1.0035  1.0079 
1.0081  1.0068  1.0093  1.0046  1.0043  1.0063  1.0060  1.0058  1.0049  1.0074  1.0033  1.0056  1.0051  1.0049  1.0055  1.0071  1.0058  1.0044  1.0101  1.0053  1.0046  1.0062  1.0105  1.0055  1.0079  1.0055  1.0072  1.0030  1.0049  1.0066  1.0040  1.0038  1.0076  1.0069  1.0082  1.0074  1.0064  6.9368  1.0336  1.0313 
1.0076  1.0070  1.0101  1.0083  1.0063  1.0065  1.0084  1.0066  1.0064  1.0059  1.0040  1.0070  1.0084  1.0116  1.0071  1.0054  1.0077  1.0078  1.0060  1.0093  1.0123  1.0090  1.0049  1.0060  1.0070  1.0065  1.0084  1.0068  1.0081  1.0064  1.0088  1.0090  1.0093  1.0077  1.0054  1.0049  1.0035  1.0336  6.8937  1.0854 
1.0063  1.0046  1.0111  1.0069  1.0097  1.0060  1.0094  1.0064  1.0117  1.0107  1.0071  1.0061  1.0081  1.0059  1.0099  1.0050  1.0123  1.0104  1.0077  1.0127  1.0073  1.0054  1.0077  1.0081  1.0120  1.0081  1.0117  1.0072  1.0069  1.0072  1.0109  1.0077  1.0072  1.0058  1.0099  1.0049  1.0079  1.0313  1.0854  6.8600 
# New slice
6.9991  1.0537  1.0234  1.0337  1.0874  1.0463  1.0990  1.0786  1.1119  1.1324  1.1183  1.0767  1.1007  1.0622  1.0651  1.0893  1.0631  1.0403  1.0622  1.0841  1.0332  1.0969  1.1196  1.1050  1.1043  1.0411  1.1020  1.0884  1.0725  1.0251  1.0700  1.0298  1.0078  1.0091  1.0048  1.0048  1.0063  1.0110  1.0044  1.0086 
1.0537  6.8977  1.6151  1.1214  1.3365  1.2407  1.4625  1.4608  1.4088  1.3912  1.4498  1.3214  1.3293  1.1696  1.6623  1.4874  1.2932  1.0559  1.5441  1.5595  1.1173  1.4668  1.3939  1.3782  1.3364  1.1412  1.3246  1.2396  1.1860  1.0591  1.2133  1.0558  1.0077  1.0055  1.0067  1.0059  1.0088  1.0111  1.0079  1.0153 
1.0234  1.6151  7.0472  1.0756  1.4483  1.3523  1.7326  1.2976  1.5004  1.5051  1.4250  1.2142  1.3519  1.2042  1.5801  1.5801  1.1625  1.0590  1.2346  1.4050  1.0745  1.3679  1.4544  1.4448  1.4162  1.0914  1.3544  1.2769  1.1988  1.0598  1.2567  1.0604  1.0057  1.0086  1.0081  1.0045  1.0079  1.0078  1.0119  1.0099 
1.0337  1.1214  1.0756  6.6618  1.0452  1.0311  1.0879  1.0415  1.0763  1.0433  1.0550  1.3205  1.0887  1.0485  1.0816  1.0600  1.2477  1.0183  1.1437  1.2087  1.7809  1.1099  1.0825  1.0703  1.0578  1.4276  1.0739  1.0552  1.0389  1.0232  1.0536  1.0176  1.0043  1.0047  1.0054  1.0074  1.0082  1.0066  1.0053  1.0086 
1.0874  1.3365  1.4483  1.0452  6.9378  1.5581  1.6580  1.3632  1.8654  1.6157  1.6817  1.1452  1.3663  1.2327  1.7897  2.1512  1.1311  1.0870  1.1710  1.2883  1.0486  1.4029  1.7713  1.5922  1.5987  1.0674  1.5474  1.4385  1.4293  1.0855  1.3866  1.0864  1.0075  1.0089  1.0073  1.0119  1.0041  1.0066  1.0090  1.0107 
1.0463  1.2407  1.3523  1.0311  1.5581  7.1227  1.6587  1.2356  1.4168  1.5446  1.4072  1.1430  1.2914  1.1177  1.3873  1.3959  1.1064  1.0385  1.1274  1.2154  1.0343  1.2609  1.3779  1.2689  1.3015  1.0483  1.2587  1.2403  1.1959  1.0436  1.1729  1.0403  1.0067  1.0060  1.0068  1.0058  1.0060  1.0062  1.0091  1.0092 
1.0990  1.4625  1.7326  1.0879  1.6580  1.6587  6.8827  1.3331  1.9768  1.7315  1.9168  1.3025  1.6057  1.1995  1.6962  1.6519  1.2838  1.0631  1.2740  1.4028  1.1023  1.4159  1.5159  1.5390  1.5069  1.1300  1.4530  1.3227  1.2464  1.0527  1.2685  1.0563  1.0051  1.0090  1.0084  1.0048  1.0045  1.0074  1.0051  1.0083 
1.0786  1.4608  1.2976  1.0415  1.3632  1.2356  1.3331  7.0630  1.3403  1.5105  1.4095  1.1476  1.2762  1.1146  1.3903  1.3193  1.1201  1.0393  1.1486  1.2127  1.0457  1.2062  1.2977  1.2509  1.2489  1.0563  1.2281  1.1914  1.1604  1.0372  1.1564  1.0422  1.0083  1.0092  1.0122  1.0076  1.0061  1.0109  1.0071  1.0054 
1.1119  1.4088  1.5004  1.0763  1.8654  1.4168  1.9768  1.3403  6.8848  1.6207  1.8653  1.2675  1.8044  1.3060  1.7404  1.9337  1.2797  1.1128  1.2734  1.4179  1.0936  1.6100  1.7202  1.7996  1.7912  1.1364  1.7439  1.5613  1.4610  1.1052  1.5831  1.1169  1.0052  1.0077  1.0071  1.0047  1.0057  1.0086  1.0040  1.0089 
1.1324  1.3912  1.5051  1.0433  1.6157  1.5446  1.7315  1.5105  1.6207  7.0796  1.7203  1.1712  1.2936  1.1359  1.4641  1.5128  1.1331  1.0430  1.1919  1.2311  1.0390  1.2252  1.3981  1.3463  1.3316  1.0554  1.2857  1.2790  1.1978  1.0423  1.2035  1.0399  1.0075  1.0106  1.0084  1.0067  1.0059  1.0083  1.0072  1.0081 
1.1183  1.4498  1.4250  1.0550  1.6817  1.4072  1.9168  1.4095  1.8653  1.7203  7.0348  1.2247  1.6653  1.2574  1.4951  1.6092  1.1749  1.1068  1.2295  1.3353  1.0627  1.3823  1.5306  1.4985  1.4372  1.0853  1.4988  1.3796  1.3548  1.0788  1.3415  1.0938  1.0086  1.0091  1.0082  1.0061  1.0042  1.0074  1.0044  1.0107 
1.0767  1.3214  1.2142  1.3205  1.1452  1.1430  1.3025  1.1476  1.2675  1.1712  1.2247  6.7746  1.2773  1.1457  1.1881  1.1736  1.6772  1.0442  1.2332  1.4566  1.3868  1.2783  1.2217  1.2093  1.1833  1.5343  1.1858  1.1564  1.1072  1.0421  1.1752  1.0401  1.0060  1.0071  1.0059  1.0109  1.0056  1.0077  1.0059  1.0071 
1.1007  1.3293  1.3519  1.0887  1.3663  1.2914  1.6057  1.2762  1.8044  1.2936  1.6653  1.2773  6.8632  1.4557  1.3826  1.5002  1.3191  1.1469  1.2490  1.3912  1.1161  1.4544  1.4920  1.5164  1.5421  1.1489  1.5564  1.4791  1.3862  1.1284  1.5674  1.1538  1.0082  1.0093  1.0088  1.0059  1.0080  1.0093  1.0083  1.0118 
1.0622  1.1696  1.2042  1.0485  1.2327  1.1177  1.1995  1.1146  1.3060  1.1359  1.2574  1.1457  1.4557  6.8408  1.2052  1.2890  1.1732  1.6661  1.1516  1.1899  1.0584  1.2269  1.2810  1.3130  1.2770  1.1063  1.3377  1.3420  1.4451  1.2824  1.6466  1.4669  1.0074  1.0101  1.0080  1.0066  1.0037  1.0099  1.0119  1.0109 
1.0651  1.6623  1.5801  1.0816  1.7897  1.3873  1.6962  1.3903  1.7404  1.4641  1.4951  1.1881  1.3826  1.2052  6.8943  1.9717  1.1743  1.0988  1.2551  1.4284  1.0837  1.5024  1.9695  1.5921  1.5405  1.0973  1.5823  1.4312  1.3601  1.0783  1.3784  1.0902  1.0100  1.0107  1.0061  1.0074  1.0035  1.0079  1.0066  1.0111 
1.0893  1.4874  1.5801  1.0600  2.1512  1.3959  1.6519  1.3193  1.9337  1.5128  1.6092  1.1736  1.5002  1.2890  1.9717  6.8507  1.1798  1.1199  1.2653  1.4282  1.0726  1.6060  2.0412  1.7894  1.9116  1.1009  1.8063  1.6303  1.4749  1.1040  1.5619  1.1178  1.0058  1.0119  1.0063  1.0064  1.0070  1.0070  1.0064  1.0123 
1.0631  1.2932  1.1625  1.2477  1.1311  1.1064  1.2838  1.1201  1.2797  1.1331  1.1749  1.6772  1.3191  1.1732  1.1743  1.1798  6.7869  1.0500  1.2361  1.4154  1.3786  1.3773  1.2504  1.2483  1.2453  1.6903  1.2478  1.1872  1.1521  1.0500  1.2198  1.0519  1.0064  1.0092  1.0065  1.0074  1.0091  1.0075  1.0044  1.0090 
1.0403  1.0559  1.0590  1.0183  1.0870  1.0385  1.0631  1.0393  1.1128  1.0430  1.1068  1.0442  1.1469  1.6661  1.0988  1.1199  1.0500  7.0090  1.0503  1.0602  1.0218  1.1013  1.1297  1.1279  1.1359  1.0329  1.1676  1.1957  1.3182  1.4451  1.3560  1.9925  1.0070  1.0091  1.0056  1.0070  1.0030  1.0042  1.0077  1.0094 
1.0622  1.5441  1.2346  1.1437  1.1710  1.1274  1.2740  1.1486  1.2734  1.1919  1.2295  1.2332  1.2490  1.1516  1.2551  1.2653  1.2361  1.0503  6.8065  1.4215  1.1503  1.3573  1.2787  1.2840  1.2234  1.1778  1.2413  1.1796  1.1337  1.0554  1.1764  1.0452  1.0054  1.0084  1.0051  1.0090  1.0073  1.0071  1.0049  1.0121 
1.0841  1.5595  1.4050  1.2087  1.2883  1.2154  1.4028  1.2127  1.4179  1.2311  1.3353  1.4566  1.3912  1.1899  1.4284  1.4282  1.4154  1.0602  1.4215  6.7343  1.2736  1.6535  1.5374  1.4099  1.3527  1.2842  1.3979  1.2811  1.2222  1.0534  1.2441  1.0610  1.0075  1.0066  1.0117  1.0097  1.0070  1.0109  1.0065  1.0116 
1.0332  1.1173  1.0745  1.7809  1.0486  1.0343  1.1023  1.0457  1.0936  1.0390  1.0627  1.3868  1.1161  1.0584  1.0837  1.0726  1.3786  1.0218  1.1503  1.2736  6.6880  1.1406  1.0942  1.0924  1.0765  1.6114  1.0947  1.0695  1.0447  1.0226  1.0670  1.0182  1.0072  1.0075  1.0054  1.0080  1.0089  1.0062  1.0049  1.0099 
1.0969  1.4668  1.3679  1.1099  1.4029  1.2609  1.4159  1.2062  1.6100  1.2252  1.3823  1.2783  1.4544  1.2269  1.5024  1.6060  1.3773  1.1013  1.3573  1.6535  1.1406  6.7167  1.8292  1.9003  1.7117  1.1929  1.8020  1.5387  1.3526  1.1024  1.4039  1.1062  1.0049  1.0116  1.0073  1.0074  1.0049  1.0091  1.0100  1.0115 
1.1196  1.3939  1.4544  1.0825  1.7713  1.3779  1.5159  1.2977  1.7202  1.3981  1.5306  1.2217  1.4920  1.2810  1.9695  2.0412  1.2504  1.1297  1.2787  1.5374  1.0942  1.8292  6.8474  1.8150  1.8221  1.1164  1.8037  1.5730  1.4276  1.0994  1.4830  1.1082  1.0112  1.0094  1.0076  1.0062  1.0069  1.0105  1.0075  1.0147 
1.1050  1.3782  1.4448  1.0703  1.5922  1.2689  1.5390  1.2509  1.7996  1.3463  1.4985  1.2093  1.5164  1.3130  1.5921  1.7894  1.2483  1.1279  1.2840  1.4099  1.0924  1.9003  1.8150  6.7695  2.1675  1.1431  2.1861  1.7349  1.6054  1.1266  1.6179  1.1408  1.0098  1.0111  1.0103  1.0029  1.0051  1.0082  1.0071  1.0099 
1.1043  1.3364  1.4162  1.0578  1.5987  1.3015  1.5069  1.2489  1.7912  1.3316  1.4372  1.1833  1.5421  1.2770  1.5405  1.9116  1.2453  1.1359  1.2234  1.3527  1.0765  1.7117  1.8221  2.1675  6.7442  1.1183  2.1344  1.8205  1.5930  1.1326  1.5609  1.1635  1.0075  1.0096  1.0089  1.0036  1.0037  1.0071  1.0091  1.0075 
1.0411  1.1412  1.0914  1.4276  1.0674  1.0483  1.1300  1.0563  1.1364  1.0554  1.0853  1.5343  1.1489  1.1063  1.0973  1.1009  1.6903  1.0329  1.1778  1.2842  1.6114  1.1929  1.1164  1.1431  1.1183  6.7234  1.1222  1.0972  1.0653  1.0365  1.1074  1.0337  1.0064  1.0076  1.0083  1.0056  1.0064  1.0056  1.0075  1.0113 
1.1020  1.3246  1.3544  1.0739  1.5474  1.2587  1.4530  1.2281  1.7439  1.2857  1.4988  1.1858  1.5564  1.3377  1.5823  1.8063  1.2478  1.1676  1.2413  1.3979  1.0947  1.8020  1.8037  2.1861  2.1344  1.1222  6.7810  2.1002  1.7417  1.1941  1.6708  1.2047  1.0060  1.0108  1.0069  1.0102  1.0051  1.0086  1.0062  1.0073 
1.0884  1.2396  1.2769  1.0552  1.4385  1.2403  1.3227  1.1914  1.5613  1.2790  1.3796  1.1564  1.4791  1.3420  1.4312  1.6303  1.1872  1.1957  1.1796  1.2811  1.0695  1.5387  1.5730  1.7349  1.8205  1.0972  2.1002  6.7602  1.8966  1.2158  1.7991  1.2416  1.0102  1.0085  1.0070  1.0057  1.0059  1.0109  1.0086  1.0113 
1.0725  1.1860  1.1988  1.0389  1.4293  1.1959  1.2464  1.1604  1.4610  1.1978  1.3548  1.1072  1.3862  1.4451  1.3601  1.4749  1.1521  1.3182  1.1337  1.2222  1.0447  1.3526  1.4276  1.6054  1.5930  1.0653  1.7417  1.8966  6.7976  1.3564  1.8767  1.3617  1.0079  1.0095  1.0059  1.0065  1.0071  1.0076  1.0062  1.0095 
1.0251  1.0591  1.0598  1.0232  1.0855  1.0436  1.0527  1.0372  1.1052  1.0423  1.0788  1.0421  1.1284  1.2824  1.0783  1.1040  1.0500  1.4451  1.0554  1.0534  1.0226  1.1024  1.0994  1.1266  1.1326  1.0365  1.1941  1.2158  1.3564  6.9205  1.3257  1.8695  1.0078  1.0089  1.0123  1.0105  1.0084  1.0099  1.0094  1.0091 
1.0700  1.2133  1.2567  1.0536  1.3866  1.1729  1.2685  1.1564  1.5831  1.2035  1.3415  1.1752  1.5674  1.6466  1.3784  1.5619  1.2198  1.3560  1.1764  1.2441  1.0670  1.4039  1.4830  1.6179  1.5609  1.1074  1.6708  1.7991  1.8767  1.3257  6.8740  1.4265  1.0086  1.0089  1.0079  1.0073  1.0055  1.0059  1.0092  1.0114 
1.0298  1.0558  1.0604  1.0176  1.0864  1.0403  1.0563  1.0422  1.1169  1.0399  1.0938  1.0401  1.1538  1.4669  1.0902  1.1178  1.0519  1.9925  1.0452  1.0610  1.0182  1.1062  1.1082  1.1408  1.1635  1.0337  1.2047  1.2416  1.3617  1.8695  1.4265  6.9882  1.0066  1.0099  1.0076  1.0061  1.0065  1.0055  1.0100  1.0079 
1.0078  1.0077  1.0057  1.0043  1.0075  1.0067  1.0051  1.0083  1.0052  1.0075  1.0086  1.0060  1.0082  1.0074  1.0100  1.0058  1.0064  1.0070  1.0054  1.0075  1.0072  1.0049  1.0112  1.0098  1.0075  1.0064  1.0060  1.0102  1.0079  1.0078  1.0086  1.0066  6.7330  1.0248  1.0251  1.0135  1.0081  1.0067  1.0045  1.0081 
1.0091  1.0055  1.0086  1.0047  1.0089  1.0060  1.0090  1.0092  1.0077  1.0106  1.0091  1.0071  1.0093  1.0101  1.0107  1.0119  1.0092  1.0091  1.0084  1.0066  1.0075  1.0116  1.0094  1.0111  1.0096  1.0076  1.0108  1.0085  1.0095  1.0089  1.0089  1.0099  1.0248  6.7514  1.0490  1.0063  1.0091  1.0066  1.0089  1.0122 
1.0048  1.0067  1.0081  1.0054  1.0073  1.0068  1.0084  1.0122  1.0071  1.0084  1.0082  1.0059  1.0088  1.0080  1.0061  1.0063  1.0065  1.0056  1.0051  1.0117  1.0054  1.0073  1.0076  1.0103  1.0089  1.0083  1.0069  1.0070  1.0059  1.0123  1.0079  1.0076  1.0251  1.0490  6.9106  1.0112  1.0084  1.0103  1.0115  1.0128 
1.0048  1.0059  1.0045  1.0074  1.0119  1.0058  1.0048  1.0076  1.0047  1.0067  1.0061  1.0109  1.0059  1.0066  1.0074  1.0064  1.0074  1.0070  1.0090  1.0097  1.0080  1.0074  1.0062  1.0029  1.0036  1.0056  1.0102  1.0057  1.0065  1.0105  1.0073  1.0061  1.0135  1.0063  1.0112  6.7402  1.0177  1.0048  1.0068  1.0066 
1.0063  1.0088  1.0079  1.0082  1.0041  1.0060  1.0045  1.0061  1.0057  1.0059  1.0042  1.0056  1.0080  1.0037  1.0035  1.0070  1.0091  1.0030  1.0073  1.0070  1.0089  1.0049  1.0069  1.0051  1.0037  1.0064  1.0051  1.0059  1.0071  1.0084  1.0055  1.0065  1.0081  1.0091  1.0084  1.0177  6.7344  1.0090  1.0071  1.0059 
1.0110  1.0111  1.0078  1.0066  1.0066  1.0062  1.0074  1.0109  1.0086  1.0083  1.0074  1.0077  1.0093  1.0099  1.0079  1.0070  1.0075  1.0042  1.0071  1.0109  1.0062  1.0091  1.0105  1.0082  1.0071  1.0056  1.0086  1.0109  1.0076  1.0099  1.0059  1.0055  1.0067  1.0066  1.0103  1.0048  1.0090  7.0373  1.0580  1.0398 
1.0044  1.0079  1.0119  1.0053  1.0090  1.0091  1.0051  1.0071  1.0040  1.0072  1.0044  1.0059  1.0083  1.0119  1.0066  1.0064  1.0044  1.0077  1.0049  1.0065  1.0049  1.0100  1.0075  1.0071  1.0091  1.0075  1.0062  1.0086  1.0062  1.0094  1.0092  1.0100  1.0045  1.0089  1.0115  1.0068  1.0071  1.0580  6.9367  1.0836 
1.0086  1.0153  1.0099  1.0086  1.0107  1.0092  1.0083  1.0054  1.0089  1.0081  1.0107  1.0071  1.0118  1.0109  1.0111  1.0123  1.0090  1.0094  1.0121  1.0116  1.0099  1.0115  1.0147  1.0099  1.0075  1.0113  1.0073  1.0113  1.0095  1.0091  1.0114  1.0079  1.0081  1.0122  1.0128  1.0066  1.0059  1.0398  1.0836  7.1434 
# New slice
6.9707  1.0724  1.0503  1.0392  1.0937  1.0518  1.0955  1.1014  1.1463  1.1279  1.1333  1.0867  1.1199  1.0809  1.1036  1.1430  1.0771  1.0463  1.0769  1.1070  1.0420  1.1320  1.1372  1.1463  1.1401  1.0469  1.1437  1.1251  1.1065  1.0334  1.1160  1.0414  1.0095  1.0063  1.0077  1.0047  1.0071  1.0070  1.0071  1.0088 
1.0724  7.0181  1.6581  1.1561  1.3890  1.3903  1.7094  1.6112  1.6286  1.6195  1.6861  1.4594  1.4850  1.2611  1.6462  1.4834  1.3221  1.0768  1.7364  1.5519  1.1592  1.4955  1.5743  1.4099  1.4389  1.2059  1.3845  1.2825  1.2228  1.0747  1.2931  1.0855  1.0079  1.0091  1.0129  1.0098  1.0036  1.0053  1.0094  1.0117 
1.0503  1.6581  6.9614  1.0975  1.5648  1.4265  2.0453  1.4256  1.6322  1.6262  1.6795  1.3034  1.4719  1.2237  1.7391  1.5573  1.2159  1.0947  1.2939  1.4277  1.1050  1.4168  1.5853  1.4868  1.4542  1.1215  1.4078  1.3089  1.2217  1.0741  1.3392  1.0893  1.0095  1.0090  1.0133  1.0075  1.0062  1.0063  1.0076  1.0098 
1.0392  1.1561  1.0975  6.6896  1.0466  1.0527  1.1131  1.0672  1.0938  1.0580  1.0800  1.3864  1.1134  1.0718  1.0941  1.0690  1.2585  1.0234  1.2367  1.2911  2.1365  1.1431  1.1090  1.0804  1.0766  1.4680  1.0892  1.0606  1.0359  1.0236  1.0822  1.0240  1.0078  1.0062  1.0112  1.0063  1.0043  1.0078  1.0087  1.0070 
