# Array shape: (45, 40, 40)
7.3362  1.1347  1.1622  1.2251  1.1249  1.1546  1.1605  1.1176  1.0647  1.1045  1.0799  1.0557  1.0345  1.0078  1.1423  1.0750  1.0624  1.0054  1.0138  1.1465  1.0657  1.0738  1.0587  1.1042  1.0151  1.0128  1.0465  1.0259  1.0414  1.0315  1.0275  1.0044  1.0110  1.0055  1.0107  1.0084  1.0063  1.0053  1.0116  1.0155 
1.1347  7.1193  1.4246  1.2910  1.3350  1.3329  1.2690  1.2759  1.1345  1.2888  1.1900  1.1104  1.0618  1.0128  1.3301  1.1943  1.1484  1.0167  1.0400  1.1951  1.1614  1.1409  1.1453  1.1493  1.0549  1.0323  1.1160  1.0909  1.1103  1.0837  1.0602  1.0194  1.0082  1.0099  1.0119  1.0050  1.0112  1.0119  1.0088  1.0085 
1.1622  1.4246  7.2413  1.3337  1.6986  1.3128  1.7722  1.4434  1.4005  1.4841  1.1867  1.1891  1.1509  1.0290  1.6274  1.3685  1.2536  1.0340  1.0297  1.3364  1.1307  1.1812  1.3105  1.1366  1.1083  1.0365  1.2649  1.1644  1.1659  1.0970  1.1062  1.0296  1.0083  1.0063  1.0117  1.0038  1.0050  1.0079  1.0105  1.0102 
1.2251  1.2910  1.3337  7.1415  1.3698  1.5355  1.3420  1.5224  1.1739  1.3969  1.3019  1.1665  1.0839  1.0146  1.2769  1.1972  1.1639  1.0190  1.0643  1.1946  1.2283  1.1867  1.1722  1.1390  1.0708  1.0445  1.1371  1.0952  1.1435  1.0994  1.0931  1.0107  1.0084  1.0073  1.0062  1.0071  1.0086  1.0078  1.0088  1.0079 
1.1249  1.3350  1.6986  1.3698  7.0434  1.4262  1.9372  1.4608  1.5083  1.6858  1.4319  1.2454  1.2398  1.0465  1.8857  1.7608  1.4193  1.0497  1.0756  1.4605  1.2675  1.3462  1.4645  1.1872  1.1743  1.0761  1.3704  1.1941  1.3066  1.1685  1.1737  1.0405  1.0091  1.0133  1.0103  1.0053  1.0038  1.0068  1.0119  1.0118 
1.1546  1.3329  1.3128  1.5355  1.4262  6.9923  1.3744  1.5453  1.2066  1.5687  1.6223  1.2185  1.0989  1.0244  1.2647  1.2926  1.1774  1.0205  1.1695  1.1764  1.4639  1.2732  1.1728  1.1497  1.0668  1.0813  1.1764  1.1078  1.1945  1.1682  1.1013  1.0182  1.0114  1.0080  1.0092  1.0070  1.0046  1.0100  1.0060  1.0058 
1.1605  1.2690  1.7722  1.3420  1.9372  1.3744  7.1792  1.5365  1.7011  1.6717  1.3522  1.3042  1.2516  1.0552  1.7890  1.5900  1.4377  1.0525  1.0361  1.4953  1.1616  1.2033  1.3837  1.1667  1.1513  1.0577  1.4244  1.1999  1.3023  1.1429  1.2116  1.0597  1.0104  1.0077  1.0105  1.0045  1.0053  1.0054  1.0118  1.0112 
1.1176  1.2759  1.4434  1.5224  1.4608  1.5453  1.5365  7.3486  1.2472  1.6728  1.4353  1.3058  1.1221  1.0241  1.3752  1.2817  1.1925  1.0195  1.0588  1.2013  1.1733  1.2092  1.2230  1.0965  1.0843  1.0527  1.1885  1.0888  1.1379  1.1021  1.0959  1.0124  1.0110  1.0336  1.0070  1.0083  1.0073  1.0115  1.0068  1.0099 
1.0647  1.1345  1.4005  1.1739  1.5083  1.2066  1.7011  1.2472  6.9040  1.4158  1.2705  1.2708  1.5510  1.1222  1.5769  1.6946  1.6958  1.1258  1.0493  1.4290  1.1233  1.2211  1.5604  1.1923  1.2723  1.0657  1.6549  1.2708  1.3683  1.1857  1.4061  1.1039  1.0094  1.0075  1.0089  1.0068  1.0068  1.0066  1.0056  1.0065 
1.1045  1.2888  1.4841  1.3969  1.6858  1.5687  1.6717  1.6728  1.4158  7.1739  1.5756  1.5415  1.1887  1.0526  1.4123  1.4817  1.3425  1.0476  1.0905  1.2784  1.2334  1.2575  1.3085  1.1433  1.1167  1.0818  1.2889  1.1430  1.2530  1.2048  1.2236  1.0294  1.0116  1.0051  1.0102  1.0088  1.0039  1.0082  1.0089  1.0092 
1.0799  1.1900  1.1867  1.3019  1.4319  1.6223  1.3522  1.4353  1.2705  1.5756  6.8615  1.2664  1.2435  1.0746  1.2566  1.4424  1.3733  1.0618  1.2403  1.1792  1.4168  1.3544  1.2522  1.1531  1.1234  1.1136  1.3001  1.1676  1.3996  1.3120  1.2578  1.0481  1.0086  1.0087  1.0115  1.0094  1.0056  1.0048  1.0057  1.0076 
1.0557  1.1104  1.1891  1.1665  1.2454  1.2185  1.3042  1.3058  1.2708  1.5415  1.2664  7.3085  1.1544  1.0747  1.1974  1.2291  1.2100  1.0391  1.0549  1.1275  1.1171  1.1316  1.1538  1.0744  1.0893  1.0445  1.1538  1.0883  1.1438  1.0905  1.1490  1.0253  1.0075  1.0088  1.0129  1.0098  1.0037  1.0114  1.0067  1.0064 
1.0345  1.0618  1.1509  1.0839  1.2398  1.0989  1.2516  1.1221  1.5510  1.1887  1.2435  1.1544  6.9346  1.4319  1.2311  1.3471  1.6135  1.4756  1.0381  1.1550  1.0849  1.1677  1.2280  1.1351  1.1615  1.0551  1.3739  1.2691  1.4526  1.2750  1.7523  1.3248  1.0056  1.0074  1.0074  1.0059  1.0126  1.0052  1.0075  1.0071 
1.0078  1.0128  1.0290  1.0146  1.0465  1.0244  1.0552  1.0241  1.1222  1.0526  1.0746  1.0747  1.4319  6.9752  1.0440  1.0874  1.1634  1.6421  1.0293  1.0381  1.0298  1.0699  1.0647  1.0620  1.0609  1.0364  1.1229  1.0886  1.1658  1.1307  1.3308  1.2833  1.0072  1.0069  1.0071  1.0064  1.0084  1.0075  1.0056  1.0065 
1.1423  1.3301  1.6274  1.2769  1.8857  1.2647  1.7890  1.3752  1.5769  1.4123  1.2566  1.1974  1.2311  1.0440  7.0760  1.6089  1.3942  1.0503  1.0405  1.6126  1.1682  1.2362  1.4912  1.2261  1.1952  1.0585  1.3649  1.2297  1.2902  1.1396  1.1815  1.0430  1.0111  1.0084  1.0115  1.0084  1.0073  1.0122  1.0109  1.0178 
1.0750  1.1943  1.3685  1.1972  1.7608  1.2926  1.5900  1.2817  1.6946  1.4817  1.4424  1.2291  1.3471  1.0874  1.6089  6.9760  1.7188  1.1111  1.0953  1.3647  1.2630  1.2846  1.7813  1.2090  1.3699  1.0759  1.8416  1.3866  1.5684  1.2436  1.3703  1.0691  1.0108  1.0073  1.0103  1.0067  1.0053  1.0065  1.0110  1.0098 
1.0624  1.1484  1.2536  1.1639  1.4193  1.1774  1.4377  1.1925  1.6958  1.3425  1.3733  1.2100  1.6135  1.1634  1.3942  1.7188  6.8740  1.2115  1.0535  1.3138  1.1554  1.2633  1.4660  1.1735  1.2954  1.0712  1.9217  1.3365  1.8155  1.3427  1.6060  1.1418  1.0062  1.0087  1.0108  1.0061  1.0107  1.0061  1.0051  1.0061 
1.0054  1.0167  1.0340  1.0190  1.0497  1.0205  1.0525  1.0195  1.1258  1.0476  1.0618  1.0391  1.4756  1.6421  1.0503  1.1111  1.2115  6.9641  1.0237  1.0454  1.0247  1.0527  1.0798  1.0614  1.0582  1.0331  1.1237  1.1017  1.1752  1.1611  1.4149  1.7928  1.0055  1.0043  1.0097  1.0088  1.0110  1.0067  1.0032  1.0094 
1.0138  1.0400  1.0297  1.0643  1.0756  1.1695  1.0361  1.0588  1.0493  1.0905  1.2403  1.0549  1.0381  1.0293  1.0405  1.0953  1.0535  1.0237  6.7524  1.0273  1.3160  1.1440  1.0606  1.0546  1.0528  1.0720  1.0635  1.0484  1.1026  1.1362  1.0637  1.0218  1.0119  1.0076  1.0058  1.0106  1.0063  1.0057  1.0041  1.0059 
1.1465  1.1951  1.3364  1.1946  1.4605  1.1764  1.4953  1.2013  1.4290  1.2784  1.1792  1.1275  1.1550  1.0381  1.6126  1.3647  1.3138  1.0454  1.0273  6.9560  1.1084  1.1983  1.4330  1.2157  1.1330  1.0471  1.3040  1.1750  1.2014  1.1061  1.1413  1.0379  1.0060  1.0083  1.0076  1.0094  1.0090  1.0122  1.0137  1.0159 
1.0657  1.1614  1.1307  1.2283  1.2675  1.4639  1.1616  1.1733  1.1233  1.2334  1.4168  1.1171  1.0849  1.0298  1.1682  1.2630  1.1554  1.0247  1.3160  1.1084  6.7497  1.2548  1.1876  1.1440  1.1116  1.0677  1.1688  1.1365  1.1999  1.1893  1.1059  1.0199  1.0109  1.0040  1.0106  1.0118  1.0081  1.0079  1.0070  1.0069 
1.0738  1.1409  1.1812  1.1867  1.3462  1.2732  1.2033  1.2092  1.2211  1.2575  1.3544  1.1316  1.1677  1.0699  1.2362  1.2846  1.2633  1.0527  1.1440  1.1983  1.2548  6.7193  1.1978  1.2054  1.1046  1.2038  1.2254  1.1194  1.2392  1.2514  1.1617  1.0443  1.0089  1.0092  1.0100  1.0061  1.0075  1.0078  1.0053  1.0073 
1.0587  1.1453  1.3105  1.1722  1.4645  1.1728  1.3837  1.2230  1.5604  1.3085  1.2522  1.1538  1.2280  1.0647  1.4912  1.7813  1.4660  1.0798  1.0606  1.4330  1.1876  1.1978  6.9008  1.1842  1.5509  1.0505  1.8024  1.4115  1.3584  1.1878  1.2558  1.0622  1.0088  1.0087  1.0090  1.0108  1.0083  1.0082  1.0075  1.0098 
1.1042  1.1493  1.1366  1.1390  1.1872  1.1497  1.1667  1.0965  1.1923  1.1433  1.1531  1.0744  1.1351  1.0620  1.2261  1.2090  1.1735  1.0614  1.0546  1.2157  1.1440  1.2054  1.1842  6.7859  1.1536  1.0900  1.2151  1.1579  1.1601  1.1268  1.1179  1.0418  1.0060  1.0072  1.0105  1.0075  1.0082  1.0076  1.0107  1.0036 
1.0151  1.0549  1.1083  1.0708  1.1743  1.0668  1.1513  1.0843  1.2723  1.1167  1.1234  1.0893  1.1615  1.0609  1.1952  1.3699  1.2954  1.0582  1.0528  1.1330  1.1116  1.1046  1.5509  1.1536  6.8480  1.0309  1.5351  1.4120  1.2612  1.1225  1.1554  1.0451  1.0050  1.0065  1.0084  1.0067  1.0098  1.0074  1.0074  1.0117 
1.0128  1.0323  1.0365  1.0445  1.0761  1.0813  1.0577  1.0527  1.0657  1.0818  1.1136  1.0445  1.0551  1.0364  1.0585  1.0759  1.0712  1.0331  1.0720  1.0471  1.0677  1.2038  1.0505  1.0900  1.0309  6.8130  1.0601  1.0302  1.0607  1.0808  1.0528  1.0335  1.0097  1.0119  1.0131  1.0088  1.0061  1.0075  1.0080  1.0113 
1.0465  1.1160  1.2649  1.1371  1.3704  1.1764  1.4244  1.1885  1.6549  1.2889  1.3001  1.1538  1.3739  1.1229  1.3649  1.8416  1.9217  1.1237  1.0635  1.3040  1.1688  1.2254  1.8024  1.2151  1.5351  1.0601  6.7926  1.5265  1.7056  1.2443  1.4822  1.1057  1.0099  1.0061  1.0103  1.0081  1.0112  1.0037  1.0072  1.0037 
1.0259  1.0909  1.1644  1.0952  1.1941  1.1078  1.1999  1.0888  1.2708  1.1430  1.1676  1.0883  1.2691  1.0886  1.2297  1.3866  1.3365  1.1017  1.0484  1.1750  1.1365  1.1194  1.4115  1.1579  1.4120  1.0302  1.5265  6.7736  1.4568  1.2291  1.2476  1.0808  1.0091  1.0053  1.0096  1.0041  1.0084  1.0044  1.0052  1.0050 
1.0414  1.1103  1.1659  1.1435  1.3066  1.1945  1.3023  1.1379  1.3683  1.2530  1.3996  1.1438  1.4526  1.1658  1.2902  1.5684  1.8155  1.1752  1.1026  1.2014  1.1999  1.2392  1.3584  1.1601  1.2612  1.0607  1.7056  1.4568  6.8182  1.4891  1.6362  1.1414  1.0107  1.0037  1.0105  1.0068  1.0117  1.0056  1.0060  1.0069 
1.0315  1.0837  1.0970  1.0994  1.1685  1.1682  1.1429  1.1021  1.1857  1.2048  1.3120  1.0905  1.2750  1.1307  1.1396  1.2436  1.3427  1.1611  1.1362  1.1061  1.1893  1.2514  1.1878  1.1268  1.1225  1.0808  1.2443  1.2291  1.4891  6.7908  1.4596  1.1395  1.0088  1.0048  1.0056  1.0060  1.0093  1.0058  1.0080  1.0103 
1.0275  1.0602  1.1062  1.0931  1.1737  1.1013  1.2116  1.0959  1.4061  1.2236  1.2578  1.1490  1.7523  1.3308  1.1815  1.3703  1.6060  1.4149  1.0637  1.1413  1.1059  1.1617  1.2558  1.1179  1.1554  1.0528  1.4822  1.2476  1.6362  1.4596  6.9376  1.3308  1.0091  1.0044  1.0115  1.0058  1.0107  1.0050  1.0064  1.0038 
1.0044  1.0194  1.0296  1.0107  1.0405  1.0182  1.0597  1.0124  1.1039  1.0294  1.0481  1.0253  1.3248  1.2833  1.0430  1.0691  1.1418  1.7928  1.0218  1.0379  1.0199  1.0443  1.0622  1.0418  1.0451  1.0335  1.1057  1.0808  1.1414  1.1395  1.3308  6.9753  1.0036  1.0072  1.0105  1.0081  1.0084  1.0094  1.0049  1.0106 
1.0110  1.0082  1.0083  1.0084  1.0091  1.0114  1.0104  1.0110  1.0094  1.0116  1.0086  1.0075  1.0056  1.0072  1.0111  1.0108  1.0062  1.0055  1.0119  1.0060  1.0109  1.0089  1.0088  1.0060  1.0050  1.0097  1.0099  1.0091  1.0107  1.0088  1.0091  1.0036  6.8021  1.0262  1.0230  1.0290  1.0056  1.0090  1.0100  1.0057 
1.0055  1.0099  1.0063  1.0073  1.0133  1.0080  1.0077  1.0336  1.0075  1.0051  1.0087  1.0088  1.0074  1.0069  1.0084  1.0073  1.0087  1.0043  1.0076  1.0083  1.0040  1.0092  1.0087  1.0072  1.0065  1.0119  1.0061  1.0053  1.0037  1.0048  1.0044  1.0072  1.0262  6.9735  1.0317  1.0135  1.0120  1.0066  1.0079  1.0086 
1.0107  1.0119  1.0117  1.0062  1.0103  1.0092  1.0105  1.0070  1.0089  1.0102  1.0115  1.0129  1.0074  1.0071  1.0115  1.0103  1.0108  1.0097  1.0058  1.0076  1.0106  1.0100  1.0090  1.0105  1.0084  1.0131  1.0103  1.0096  1.0105  1.0056  1.0115  1.0105  1.0230  1.0317  7.0209  1.0105  1.0067  1.0110  1.0093  1.0044 
1.0084  1.0050  1.0038  1.0071  1.0053  1.0070  1.0045  1.0083  1.0068  1.0088  1.0094  1.0098  1.0059  1.0064  1.0084  1.0067  1.0061  1.0088  1.0106  1.0094  1.0118  1.0061  1.0108  1.0075  1.0067  1.0088  1.0081  1.0041  1.0068  1.0060  1.0058  1.0081  1.0290  1.0135  1.0105  6.8186  1.0086  1.0069  1.0070  1.0064 
1.0063  1.0112  1.0050  1.0086  1.0038  1.0046  1.0053  1.0073  1.0068  1.0039  1.0056  1.0037  1.0126  1.0084  1.0073  1.0053  1.0107  1.0110  1.0063  1.0090  1.0081  1.0075  1.0083  1.0082  1.0098  1.0061  1.0112  1.0084  1.0117  1.0093  1.0107  1.0084  1.0056  1.0120  1.0067  1.0086  6.8102  1.0052  1.0089  1.0095 
1.0053  1.0119  1.0079  1.0078  1.0068  1.0100  1.0054  1.0115  1.0066  1.0082  1.0048  1.0114  1.0052  1.0075  1.0122  1.0065  1.0061  1.0067  1.0057  1.0122  1.0079  1.0078  1.0082  1.0076  1.0074  1.0075  1.0037  1.0044  1.0056  1.0058  1.0050  1.0094  1.0090  1.0066  1.0110  1.0069  1.0052  7.0679  1.0229  1.0243 
1.0116  1.0088  1.0105  1.0088  1.0119  1.0060  1.0118  1.0068  1.0056  1.0089  1.0057  1.0067  1.0075  1.0056  1.0109  1.0110  1.0051  1.0032  1.0041  1.0137  1.0070  1.0053  1.0075  1.0107  1.0074  1.0080  1.0072  1.0052  1.0060  1.0080  1.0064  1.0049  1.0100  1.0079  1.0093  1.0070  1.0089  1.0229  6.8389  1.0655 
1.0155  1.0085  1.0102  1.0079  1.0118  1.0058  1.0112  1.0099  1.0065  1.0092  1.0076  1.0064  1.0071  1.0065  1.0178  1.0098  1.0061  1.0094  1.0059  1.0159  1.0069  1.0073  1.0098  1.0036  1.0117  1.0113  1.0037  1.0050  1.0069  1.0103  1.0038  1.0106  1.0057  1.0086  1.0044  1.0064  1.0095  1.0243  1.0655  7.0538 
# New slice
6.9301  1.2008  1.2435  1.2005  1.1934  1.1781  1.2242  1.1390  1.1573  1.1402  1.0950  1.0716  1.0748  1.0133  1.2132  1.1447  1.1096  1.0237  1.0102  1.2232  1.0830  1.0730  1.1397  1.1056  1.0357  1.0039  1.1141  1.1042  1.1017  1.0635  1.0941  1.0244  1.0082  1.0097  1.0093  1.0070  1.0068  1.0081  1.0063  1.0051 
1.2008  7.0356  1.5935  1.4119  1.4085  1.4020  1.3768  1.2961  1.2355  1.3115  1.2448  1.1188  1.0984  1.0172  1.4277  1.3011  1.1893  1.0189  1.0444  1.2869  1.2441  1.1573  1.2122  1.1542  1.0680  1.0097  1.1862  1.1367  1.1574  1.1077  1.1019  1.0215  1.0096  1.0067  1.0062  1.0097  1.0065  1.0066  1.0098  1.0050 
1.2435  1.5935  7.0914  1.4525  1.7586  1.4616  1.9023  1.4360  1.5634  1.5155  1.2813  1.2315  1.1781  1.0270  1.6328  1.5007  1.3606  1.0321  1.0353  1.4790  1.1908  1.1748  1.3159  1.1599  1.0978  1.0168  1.2918  1.1548  1.1909  1.1636  1.1305  1.0351  1.0047  1.0076  1.0054  1.0074  1.0059  1.0091  1.0050  1.0059 
1.2005  1.4119  1.4525  7.1303  1.4152  1.5289  1.4559  1.4844  1.2641  1.4289  1.2699  1.1693  1.1345  1.0147  1.3103  1.2957  1.1810  1.0199  1.0658  1.2647  1.3008  1.1620  1.1956  1.1312  1.0662  1.0144  1.1694  1.1112  1.1526  1.1323  1.0867  1.0209  1.0062  1.0123  1.0048  1.0086  1.0092  1.0068  1.0046  1.0023 
1.1934  1.4085  1.7586  1.4152  7.0453  1.5470  1.9350  1.4438  1.7710  1.7868  1.5059  1.2721  1.3401  1.0802  2.0020  1.9603  1.4913  1.0570  1.0687  1.4670  1.3538  1.2278  1.5173  1.2248  1.1757  1.0317  1.4345  1.2246  1.3690  1.2357  1.2642  1.0566  1.0061  1.0060  1.0075  1.0081  1.0056  1.0099  1.0067  1.0078 
1.1781  1.4020  1.4616  1.5289  1.5470  7.0593  1.4596  1.4713  1.2942  1.6607  1.6742  1.2299  1.1629  1.0480  1.3903  1.3810  1.2594  1.0340  1.1336  1.2597  1.5642  1.2437  1.2469  1.1715  1.0860  1.0297  1.1955  1.1261  1.2274  1.2011  1.1556  1.0414  1.0086  1.0059  1.0057  1.0083  1.0115  1.0081  1.0058  1.0052 
1.2242  1.3768  1.9023  1.4559  1.9350  1.4596  7.0713  1.5401  1.8692  1.8235  1.4068  1.4247  1.3615  1.0828  1.7705  1.7059  1.5505  1.0647  1.0418  1.5177  1.2181  1.1833  1.4043  1.1666  1.1509  1.0250  1.4130  1.1906  1.2927  1.1874  1.2793  1.0619  1.0053  1.0054  1.0073  1.0083  1.0075  1.0089  1.0086  1.0055 
1.1390  1.2961  1.4360  1.4844  1.4438  1.4713  1.5401  7.3778  1.2561  1.5639  1.3046  1.3864  1.1206  1.0201  1.3304  1.2648  1.2275  1.0168  1.0559  1.2084  1.1761  1.1389  1.1691  1.1034  1.0468  1.0312  1.1424  1.0723  1.1233  1.0967  1.0824  1.0212  1.0087  1.0061  1.0041  1.0062  1.0057  1.0087  1.0073  1.0033 
1.1573  1.2355  1.5634  1.2641  1.7710  1.2942  1.8692  1.2561  6.9156  1.5521  1.3449  1.3010  1.5046  1.1301  1.6133  1.8417  1.8011  1.1011  1.0443  1.4205  1.1788  1.1869  1.5936  1.1924  1.2135  1.0232  1.6211  1.2328  1.3691  1.2171  1.3446  1.0937  1.0056  1.0062  1.0090  1.0082  1.0063  1.0083  1.0086  1.0054 
1.1402  1.3115  1.5155  1.4289  1.7868  1.6607  1.8235  1.5639  1.5521  7.0446  1.7200  1.5789  1.2719  1.0665  1.4328  1.5346  1.4785  1.0804  1.0857  1.2675  1.3537  1.2352  1.3166  1.1489  1.1020  1.0435  1.3113  1.1722  1.3095  1.2806  1.2233  1.0637  1.0049  1.0071  1.0082  1.0083  1.0115  1.0091  1.0105  1.0094 
1.0950  1.2448  1.2813  1.2699  1.5059  1.6742  1.4068  1.3046  1.3449  1.7200  6.9270  1.2898  1.2955  1.0855  1.3036  1.5752  1.4637  1.0843  1.1652  1.2281  1.5233  1.2740  1.2978  1.1635  1.1510  1.0424  1.2880  1.1579  1.3612  1.4151  1.2580  1.0840  1.0060  1.0066  1.0056  1.0073  1.0043  1.0064  1.0061  1.0066 
1.0716  1.1188  1.2315  1.1693  1.2721  1.2299  1.4247  1.3864  1.3010  1.5789  1.2898  7.0855  1.1715  1.0489  1.1861  1.2544  1.1993  1.0345  1.0454  1.1332  1.1446  1.1058  1.1350  1.0654  1.0613  1.0235  1.1772  1.0728  1.1391  1.1025  1.1076  1.0299  1.0042  1.0073  1.0085  1.0094  1.0055  1.0065  1.0085  1.0045 
1.0748  1.0984  1.1781  1.1345  1.3401  1.1629  1.3615  1.1206  1.5046  1.2719  1.2955  1.1715  6.9174  1.3863  1.2484  1.3632  1.6899  1.3978  1.0384  1.1779  1.1325  1.1773  1.3175  1.1613  1.1656  1.0236  1.4215  1.2022  1.4052  1.2839  1.7500  1.2710  1.0064  1.0125  1.0119  1.0106  1.0064  1.0099  1.0039  1.0072 
1.0133  1.0172  1.0270  1.0147  1.0802  1.0480  1.0828  1.0201  1.1301  1.0665  1.0855  1.0489  1.3863  7.0461  1.0528  1.0820  1.1792  1.6724  1.0246  1.0366  1.0518  1.0633  1.0758  1.0673  1.0518  1.0198  1.1152  1.0745  1.1545  1.1256  1.3399  1.3365  1.0110  1.0121  1.0119  1.0087  1.0083  1.0140  1.0050  1.0066 
1.2132  1.4277  1.6328  1.3103  2.0020  1.3903  1.7705  1.3304  1.6133  1.4328  1.3036  1.1861  1.2484  1.0528  6.8876  1.8323  1.4670  1.0500  1.0391  1.7120  1.2351  1.2127  1.6058  1.2674  1.2462  1.0171  1.4481  1.2195  1.2810  1.1742  1.1993  1.0491  1.0083  1.0054  1.0095  1.0067  1.0051  1.0074  1.0078  1.0070 
1.1447  1.3011  1.5007  1.2957  1.9603  1.3810  1.7059  1.2648  1.8417  1.5346  1.5752  1.2544  1.3632  1.0820  1.8323  6.9877  1.8206  1.0813  1.0717  1.4884  1.3703  1.2629  1.8909  1.2166  1.3166  1.0237  1.8602  1.2871  1.5418  1.2450  1.3077  1.0810  1.0046  1.0097  1.0069  1.0072  1.0059  1.0049  1.0068  1.0056 
1.1096  1.1893  1.3606  1.1810  1.4913  1.2594  1.5505  1.2275  1.8011  1.4785  1.4637  1.1993  1.6899  1.1792  1.4670  1.8206  6.8823  1.2124  1.0550  1.2834  1.2340  1.2118  1.5862  1.2217  1.2568  1.0257  1.7754  1.3095  1.6623  1.3891  1.6566  1.1739  1.0053  1.0113  1.0083  1.0099  1.0054  1.0052  1.0058  1.0094 
1.0237  1.0189  1.0321  1.0199  1.0570  1.0340  1.0647  1.0168  1.1011  1.0804  1.0843  1.0345  1.3978  1.6724  1.0500  1.0813  1.2124  7.1293  1.0236  1.0413  1.0470  1.0513  1.0784  1.0709  1.0684  1.0198  1.1279  1.0876  1.1924  1.1596  1.5011  1.9342  1.0076  1.0100  1.0172  1.0086  1.0099  1.0084  1.0033  1.0083 
1.0102  1.0444  1.0353  1.0658  1.0687  1.1336  1.0418  1.0559  1.0443  1.0857  1.1652  1.0454  1.0384  1.0246  1.0391  1.0717  1.0550  1.0236  6.7187  1.0223  1.3203  1.1174  1.0454  1.0359  1.0218  1.0751  1.0387  1.0253  1.0708  1.0905  1.0510  1.0252  1.0063  1.0084  1.0045  1.0073  1.0051  1.0112  1.0094  1.0062 
1.2232  1.2869  1.4790  1.2647  1.4670  1.2597  1.5177  1.2084  1.4205  1.2675  1.2281  1.1332  1.1779  1.0366  1.7120  1.4884  1.2834  1.0413  1.0223  6.8818  1.1628  1.1798  1.4289  1.2289  1.1499  1.0163  1.3586  1.1764  1.2249  1.1243  1.1481  1.0401  1.0108  1.0034  1.0066  1.0134  1.0079  1.0052  1.0080  1.0102 
1.0830  1.2441  1.1908  1.3008  1.3538  1.5642  1.2181  1.1761  1.1788  1.3537  1.5233  1.1446  1.1325  1.0518  1.2351  1.3703  1.2340  1.0470  1.3203  1.1628  6.8706  1.2532  1.2676  1.1766  1.1466  1.0280  1.1980  1.1197  1.2395  1.2184  1.1540  1.0475  1.0096  1.0087  1.0049  1.0061  1.0039  1.0037  1.0062  1.0042 
1.0730  1.1573  1.1748  1.1620  1.2278  1.2437  1.1833  1.1389  1.1869  1.2352  1.2740  1.1058  1.1773  1.0633  1.2127  1.2629  1.2118  1.0513  1.1174  1.1798  1.2532  6.7388  1.1774  1.1237  1.0595  1.1279  1.1413  1.0626  1.1492  1.2018  1.1224  1.0519  1.0060  1.0078  1.0083  1.0074  1.0088  1.0052  1.0077  1.0089 
1.1397  1.2122  1.3159  1.1956  1.5173  1.2469  1.4043  1.1691  1.5936  1.3166  1.2978  1.1350  1.3175  1.0758  1.6058  1.8909  1.5862  1.0784  1.0454  1.4289  1.2676  1.1774  6.8625  1.2256  1.5349  1.0165  1.8016  1.3557  1.4145  1.2610  1.2583  1.0840  1.0057  1.0113  1.0064  1.0112  1.0044  1.0060  1.0060  1.0116 
1.1056  1.1542  1.1599  1.1312  1.2248  1.1715  1.1666  1.1034  1.1924  1.1489  1.1635  1.0654  1.1613  1.0673  1.2674  1.2166  1.2217  1.0709  1.0359  1.2289  1.1766  1.1237  1.2256  6.9011  1.1119  1.0405  1.1613  1.0926  1.1323  1.1397  1.1188  1.0518  1.0069  1.0059  1.0087  1.0069  1.0044  1.0098  1.0049  1.0082 
1.0357  1.0680  1.0978  1.0662  1.1757  1.0860  1.1509  1.0468  1.2135  1.1020  1.1510  1.0613  1.1656  1.0518  1.2462  1.3166  1.2568  1.0684  1.0218  1.1499  1.1466  1.0595  1.5349  1.1119  6.9088  1.0222  1.5130  1.3340  1.2502  1.1451  1.2090  1.0642  1.0055  1.0064  1.0059  1.0069  1.0070  1.0058  1.0084  1.0061 
1.0039  1.0097  1.0168  1.0144  1.0317  1.0297  1.0250  1.0312  1.0232  1.0435  1.0424  1.0235  1.0236  1.0198  1.0171  1.0237  1.0257  1.0198  1.0751  1.0163  1.0280  1.1279  1.0165  1.0405  1.0222  6.7155  1.0094  1.0134  1.0168  1.0398  1.0183  1.0169  1.0068  1.0129  1.0071  1.0120  1.0124  1.0060  1.0041  1.0064 
1.1141  1.1862  1.2918  1.1694  1.4345  1.1955  1.4130  1.1424  1.6211  1.3113  1.2880  1.1772  1.4215  1.1152  1.4481  1.8602  1.7754  1.1279  1.0387  1.3586  1.1980  1.1413  1.8016  1.1613  1.5130  1.0094  6.8273  1.5505  1.6905  1.2980  1.4438  1.1225  1.0089  1.0090  1.0086  1.0088  1.0043  1.0061  1.0059  1.0048 
1.1042  1.1367  1.1548  1.1112  1.2246  1.1261  1.1906  1.0723  1.2328  1.1722  1.1579  1.0728  1.2022  1.0745  1.2195  1.2871  1.3095  1.0876  1.0253  1.1764  1.1197  1.0626  1.3557  1.0926  1.3340  1.0134  1.5505  6.7806  1.5363  1.1849  1.2561  1.0842  1.0065  1.0083  1.0049  1.0097  1.0055  1.0040  1.0061  1.0073 
1.1017  1.1574  1.1909  1.1526  1.3690  1.2274  1.2927  1.1233  1.3691  1.3095  1.3612  1.1391  1.4052  1.1545  1.2810  1.5418  1.6623  1.1924  1.0708  1.2249  1.2395  1.1492  1.4145  1.1323  1.2502  1.0168  1.6905  1.5363  6.8287  1.4789  1.6212  1.1476  1.0060  1.0080  1.0093  1.0080  1.0055  1.0038  1.0071  1.0085 
1.0635  1.1077  1.1636  1.1323  1.2357  1.2011  1.1874  1.0967  1.2171  1.2806  1.4151  1.1025  1.2839  1.1256  1.1742  1.2450  1.3891  1.1596  1.0905  1.1243  1.2184  1.2018  1.2610  1.1397  1.1451  1.0398  1.2980  1.1849  1.4789  6.7360  1.5368  1.1630  1.0093  1.0101  1.0071  1.0045  1.0071  1.0037  1.0069  1.0091 
1.0941  1.1019  1.1305  1.0867  1.2642  1.1556  1.2793  1.0824  1.3446  1.2233  1.2580  1.1076  1.7500  1.3399  1.1993  1.3077  1.6566  1.5011  1.0510  1.1481  1.1540  1.1224  1.2583  1.1188  1.2090  1.0183  1.4438  1.2561  1.6212  1.5368  6.8995  1.3567  1.0046  1.0081  1.0091  1.0068  1.0063  1.0069  1.0036  1.0115 
1.0244  1.0215  1.0351  1.0209  1.0566  1.0414  1.0619  1.0212  1.0937  1.0637  1.0840  1.0299  1.2710  1.3365  1.0491  1.0810  1.1739  1.9342  1.0252  1.0401  1.0475  1.0519  1.0840  1.0518  1.0642  1.0169  1.1225  1.0842  1.1476  1.1630  1.3567  6.9873  1.0065  1.0076  1.0109  1.0103  1.0049  1.0073  1.0033  1.0059 
1.0082  1.0096  1.0047  1.0062  1.0061  1.0086  1.0053  1.0087  1.0056  1.0049  1.0060  1.0042  1.0064  1.0110  1.0083  1.0046  1.0053  1.0076  1.0063  1.0108  1.0096  1.0060  1.0057  1.0069  1.0055  1.0068  1.0089  1.0065  1.0060  1.0093  1.0046  1.0065  6.8017  1.0294  1.0141  1.0217  1.0082  1.0079  1.0071  1.0037 
1.0097  1.0067  1.0076  1.0123  1.0060  1.0059  1.0054  1.0061  1.0062  1.0071  1.0066  1.0073  1.0125  1.0121  1.0054  1.0097  1.0113  1.0100  1.0084  1.0034  1.0087  1.0078  1.0113  1.0059  1.0064  1.0129  1.0090  1.0083  1.0080  1.0101  1.0081  1.0076  1.0294  6.9079  1.0162  1.0148  1.0078  1.0091  1.0066  1.0115 
1.0093  1.0062  1.0054  1.0048  1.0075  1.0057  1.0073  1.0041  1.0090  1.0082  1.0056  1.0085  1.0119  1.0119  1.0095  1.0069  1.0083  1.0172  1.0045  1.0066  1.0049  1.0083  1.0064  1.0087  1.0059  1.0071  1.0086  1.0049  1.0093  1.0071  1.0091  1.0109  1.0141  1.0162  6.8804  1.0073  1.0142  1.0107  1.0038  1.0143 
1.0070  1.0097  1.0074  1.0086  1.0081  1.0083  1.0083  1.0062  1.0082  1.0083  1.0073  1.0094  1.0106  1.0087  1.0067  1.0072  1.0099  1.0086  1.0073  1.0134  1.0061  1.0074  1.0112  1.0069  1.0069  1.0120  1.0088  1.0097  1.0080  1.0045  1.0068  1.0103  1.0217  1.0148  1.0073  6.7674  1.0109  1.0050  1.0070  1.0067 
1.0068  1.0065  1.0059  1.0092  1.0056  1.0115  1.0075  1.0057  1.0063  1.0115  1.0043  1.0055  1.0064  1.0083  1.0051  1.0059  1.0054  1.0099  1.0051  1.0079  1.0039  1.0088  1.0044  1.0044  1.0070  1.0124  1.0043  1.0055  1.0055  1.0071  1.0063  1.0049  1.0082  1.0078  1.0142  1.0109  6.8104  1.0042  1.0069  1.0060 
1.0081  1.0066  1.0091  1.0068  1.0099  1.0081  1.0089  1.0087  1.0083  1.0091  1.0064  1.0065  1.0099  1.0140  1.0074  1.0049  1.0052  1.0084  1.0112  1.0052  1.0037  1.0052  1.0060  1.0098  1.0058  1.0060  1.0061  1.0040  1.0038  1.0037  1.0069  1.0073  1.0079  1.0091  1.0107  1.0050  1.0042  6.9952  1.0303  1.0204 
1.0063  1.0098  1.0050  1.0046  1.0067  1.0058  1.0086  1.0073  1.0086  1.0105  1.0061  1.0085  1.0039  1.0050  1.0078  1.0068  1.0058  1.0033  1.0094  1.0080  1.0062  1.0077  1.0060  1.0049  1.0084  1.0041  1.0059  1.0061  1.0071  1.0069  1.0036  1.0033  1.0071  1.0066  1.0038  1.0070  1.0069  1.0303  6.9337  1.0422 
1.0051  1.0050  1.0059  1.0023  1.0078  1.0052  1.0055  1.0033  1.0054  1.0094  1.0066  1.0045  1.0072  1.0066  1.0070  1.0056  1.0094  1.0083  1.0062  1.0102  1.0042  1.0089  1.0116  1.0082  1.0061  1.0064  1.0048  1.0073  1.0085  1.0091  1.0115  1.0059  1.0037  1.0115  1.0143  1.0067  1.0060  1.0204  1.0422  7.0290 
# New slice
6.9207  1.2136  1.2385  1.2482  1.2411  1.2192  1.2133  1.1737  1.1686  1.1642  1.1338  1.0718  1.0846  1.0160  1.2397  1.1650  1.1490  1.0267  1.0138  1.2521  1.1124  1.0723  1.1436  1.1202  1.0730  1.0045  1.1361  1.1169  1.1159  1.0633  1.0902  1.0271  1.0063  1.0094  1.0119  1.0096  1.0084  1.0078  1.0108  1.0056 
1.2136  6.9760  1.6137  1.4561  1.4656  1.4722  1.4337  1.3823  1.2850  1.3069  1.2582  1.1660  1.1179  1.0192  1.5490  1.3254  1.2511  1.0304  1.0381  1.3921  1.2169  1.1599  1.2274  1.1799  1.1041  1.0081  1.2102  1.1496  1.1900  1.1106  1.1307  1.0328  1.0074  1.0081  1.0099  1.0086  1.0057  1.0097  1.0094  1.0058 
1.2385  1.6137  7.0634  1.4141  1.8831  1.5051  1.8541  1.4642  1.5376  1.5022  1.3320  1.2352  1.2157  1.0393  1.8153  1.4952  1.3697  1.0370  1.0269  1.4567  1.1818  1.1545  1.4054  1.1747  1.1428  1.0115  1.3078  1.1597  1.2083  1.1182  1.1663  1.0415  1.0097  1.0065  1.0061  1.0093  1.0058  1.0075  1.0070  1.0098 
1.2482  1.4561  1.4141  6.9635  1.4033  1.5870  1.3753  1.4030  1.2679  1.4415  1.2876  1.1954  1.1237  1.0194  1.3563  1.3393  1.2151  1.0283  1.0778  1.2564  1.2338  1.1570  1.2244  1.1676  1.1071  1.0106  1.1982  1.1249  1.1797  1.1085  1.1211  1.0306  1.0064  1.0061  1.0104  1.0068  1.0099  1.0083  1.0121  1.0055 
1.2411  1.4656  1.8831  1.4033  7.0297  1.6489  2.0372  1.4940  1.7753  1.7312  1.4997  1.3383  1.2852  1.0635  2.1838  2.1433  1.6504  1.0626  1.0597  1.6180  1.3463  1.2488  1.6166  1.1928  1.2196  1.0166  1.4296  1.2173  1.4090  1.2037  1.3285  1.0694  1.0073  1.0089  1.0106  1.0073  1.0066  1.0072  1.0057  1.0130 
1.2192  1.4722  1.5051  1.5870  1.6489  6.8861  1.4779  1.5520  1.3504  1.5736  1.6555  1.2247  1.1411  1.0308  1.4067  1.4649  1.3612  1.0383  1.1240  1.2411  1.4476  1.2532  1.2903  1.1501  1.1257  1.0224  1.2288  1.1373  1.2866  1.1658  1.1587  1.0367  1.0058  1.0090  1.0083  1.0057  1.0100  1.0085  1.0075  1.0076 
1.2133  1.4337  1.8541  1.3753  2.0372  1.4779  7.0509  1.5977  2.1666  1.8733  1.4496  1.4082  1.3176  1.0780  1.8960  1.8200  1.5649  1.0653  1.0313  1.4925  1.1859  1.1744  1.5398  1.1551  1.1831  1.0140  1.4504  1.2046  1.3348  1.1609  1.2416  1.0728  1.0079  1.0061  1.0103  1.0061  1.0053  1.0071  1.0074  1.0060 
1.1737  1.3823  1.4642  1.4030  1.4940  1.5520  1.5977  7.3483  1.4213  1.8395  1.4459  1.4173  1.1428  1.0317  1.3178  1.4181  1.2525  1.0279  1.0545  1.2098  1.1918  1.1439  1.2228  1.0934  1.0995  1.0155  1.1961  1.1082  1.1277  1.0919  1.1043  1.0258  1.0089  1.0075  1.0099  1.0055  1.0049  1.0062  1.0097  1.0088 
1.1686  1.2850  1.5376  1.2679  1.7753  1.3504  2.1666  1.4213  7.0440  1.6047  1.4186  1.3352  1.5479  1.1229  1.6106  1.9161  1.8042  1.1065  1.0349  1.4754  1.1894  1.1633  1.6000  1.1466  1.2419  1.0174  1.6436  1.2582  1.4873  1.2326  1.3920  1.1096  1.0063  1.0062  1.0104  1.0050  1.0085  1.0098  1.0047  1.0076 
1.1642  1.3069  1.5022  1.4415  1.7312  1.5736  1.8733  1.8395  1.6047  7.0704  1.6438  1.6464  1.2983  1.0788  1.5146  1.6683  1.4830  1.0657  1.0710  1.2975  1.2665  1.2010  1.3265  1.1288  1.1469  1.0214  1.2830  1.1374  1.2380  1.1663  1.2079  1.0637  1.0068  1.0056  1.0053  1.0078  1.0045  1.0061  1.0054  1.0081 
1.1338  1.2582  1.3320  1.2876  1.4997  1.6555  1.4496  1.4459  1.4186  1.6438  6.8298  1.3161  1.2788  1.0990  1.3332  1.5554  1.5750  1.0906  1.1704  1.2415  1.6436  1.3185  1.2563  1.1376  1.1523  1.0287  1.3047  1.1674  1.4516  1.3169  1.2651  1.0756  1.0040  1.0089  1.0196  1.0075  1.0067  1.0040  1.0059  1.0065 
1.0718  1.1660  1.2352  1.1954  1.3383  1.2247  1.4082  1.4173  1.3352  1.6464  1.3161  7.2365  1.2281  1.0592  1.2290  1.2969  1.2528  1.0493  1.0370  1.1712  1.1161  1.1401  1.1639  1.0720  1.0810  1.0209  1.1750  1.0820  1.1217  1.0955  1.1316  1.0532  1.0055  1.0056  1.0084  1.0063  1.0042  1.0064  1.0058  1.0056 
1.0846  1.1179  1.2157  1.1237  1.2852  1.1411  1.3176  1.1428  1.5479  1.2983  1.2788  1.2281  6.9316  1.5317  1.2274  1.3732  1.7564  1.4975  1.0334  1.2397  1.1386  1.1776  1.2609  1.1122  1.1811  1.0143  1.4523  1.1938  1.4400  1.2603  1.6237  1.3212  1.0066  1.0064  1.0110  1.0055  1.0098  1.0081  1.0099  1.0080 
1.0160  1.0192  1.0393  1.0194  1.0635  1.0308  1.0780  1.0317  1.1229  1.0788  1.0990  1.0592  1.5317  6.9510  1.0468  1.0916  1.2093  1.6232  1.0208  1.0790  1.0451  1.0688  1.0770  1.0480  1.0697  1.0113  1.1312  1.0893  1.1429  1.1367  1.2963  1.3959  1.0059  1.0076  1.0048  1.0074  1.0122  1.0083  1.0098  1.0090 
1.2397  1.5490  1.8153  1.3563  2.1838  1.4067  1.8960  1.3178  1.6106  1.5146  1.3332  1.2290  1.2274  1.0468  6.9821  1.8147  1.5107  1.0527  1.0409  1.6731  1.2389  1.1886  1.6416  1.2282  1.2024  1.0117  1.4213  1.2206  1.3579  1.1446  1.2204  1.0546  1.0062  1.0058  1.0099  1.0100  1.0062  1.0080  1.0102  1.0102 
1.1650  1.3254  1.4952  1.3393  2.1433  1.4649  1.8200  1.4181  1.9161  1.6683  1.5554  1.2969  1.3732  1.0916  1.8147  6.9321  1.8423  1.0847  1.0729  1.5144  1.4114  1.2364  1.8503  1.1623  1.3675  1.0144  1.7817  1.2913  1.5683  1.2531  1.4220  1.0896  1.0102  1.0079  1.0103  1.0052  1.0063  1.0074  1.0064  1.0080 
1.1490  1.2511  1.3697  1.2151  1.6504  1.3612  1.5649  1.2525  1.8042  1.4830  1.5750  1.2528  1.7564  1.2093  1.5107  1.8423  6.8850  1.2510  1.0619  1.3505  1.2828  1.1844  1.4897  1.1501  1.3053  1.0130  1.9470  1.4207  1.9294  1.3964  1.7611  1.1851  1.0073  1.0066  1.0088  1.0068  1.0060  1.0086  1.0125  1.0056 
1.0267  1.0304  1.0370  1.0283  1.0626  1.0383  1.0653  1.0279  1.1065  1.0657  1.0906  1.0493  1.4975  1.6232  1.0527  1.0847  1.2510  7.0687  1.0246  1.0595  1.0532  1.0559  1.0797  1.0405  1.0727  1.0080  1.1405  1.1288  1.2422  1.1818  1.4201  1.9836  1.0106  1.0090  1.0082  1.0064  1.0088  1.0067  1.0053  1.0054 
1.0138  1.0381  1.0269  1.0778  1.0597  1.1240  1.0313  1.0545  1.0349  1.0710  1.1704  1.0370  1.0334  1.0208  1.0409  1.0729  1.0619  1.0246  6.7059  1.0329  1.3543  1.1471  1.0522  1.0382  1.0446  1.0447  1.0473  1.0631  1.0882  1.1225  1.0563  1.0195  1.0065  1.0054  1.0122  1.0068  1.0111  1.0063  1.0062  1.0071 
1.2521  1.3921  1.4567  1.2564  1.6180  1.2411  1.4925  1.2098  1.4754  1.2975  1.2415  1.1712  1.2397  1.0790  1.6731  1.5144  1.3505  1.0595  1.0329  6.8214  1.2015  1.1857  1.4564  1.1947  1.1789  1.0092  1.3215  1.2027  1.2337  1.1197  1.1831  1.0607  1.0097  1.0071  1.0068  1.0062  1.0057  1.0104  1.0073  1.0064 
1.1124  1.2169  1.1818  1.2338  1.3463  1.4476  1.1859  1.1918  1.1894  1.2665  1.6436  1.1161  1.1386  1.0451  1.2389  1.4114  1.2828  1.0532  1.3543  1.2015  6.7614  1.2826  1.2601  1.1595  1.1659  1.0231  1.2185  1.1583  1.2686  1.2242  1.1791  1.0445  1.0037  1.0104  1.0054  1.0062  1.0106  1.0046  1.0046  1.0085 
1.0723  1.1599  1.1545  1.1570  1.2488  1.2532  1.1744  1.1439  1.1633  1.2010  1.3185  1.1401  1.1776  1.0688  1.1886  1.2364  1.1844  1.0559  1.1471  1.1857  1.2826  6.8074  1.1453  1.1573  1.0559  1.1138  1.1278  1.0601  1.1450  1.1869  1.1512  1.0458  1.0052  1.0048  1.0076  1.0075  1.0050  1.0035  1.0053  1.0106 
1.1436  1.2274  1.4054  1.2244  1.6166  1.2903  1.5398  1.2228  1.6000  1.3265  1.2563  1.1639  1.2609  1.0770  1.6416  1.8503  1.4897  1.0797  1.0522  1.4564  1.2601  1.1453  6.9312  1.1507  1.5788  1.0161  1.8140  1.3196  1.4291  1.1731  1.2531  1.0857  1.0090  1.0083  1.0107  1.0121  1.0109  1.0113  1.0103  1.0033 
1.1202  1.1799  1.1747  1.1676  1.1928  1.1501  1.1551  1.0934  1.1466  1.1288  1.1376  1.0720  1.1122  1.0480  1.2282  1.1623  1.1501  1.0405  1.0382  1.1947  1.1595  1.1573  1.1507  6.8544  1.0754  1.0403  1.1107  1.0781  1.1118  1.0953  1.1076  1.0393  1.0079  1.0066  1.0053  1.0040  1.0069  1.0084  1.0058  1.0091 
1.0730  1.1041  1.1428  1.1071  1.2196  1.1257  1.1831  1.0995  1.2419  1.1469  1.1523  1.0810  1.1811  1.0697  1.2024  1.3675  1.3053  1.0727  1.0446  1.1789  1.1659  1.0559  1.5788  1.0754  6.9587  1.0331  1.6179  1.4538  1.3815  1.1308  1.2201  1.0987  1.0114  1.0098  1.0085  1.0074  1.0110  1.0073  1.0048  1.0043 
1.0045  1.0081  1.0115  1.0106  1.0166  1.0224  1.0140  1.0155  1.0174  1.0214  1.0287  1.0209  1.0143  1.0113  1.0117  1.0144  1.0130  1.0080  1.0447  1.0092  1.0231  1.1138  1.0161  1.0403  1.0331  6.7324  1.0113  1.0211  1.0097  1.0318  1.0118  1.0119  1.0073  1.0059  1.0113  1.0090  1.0135  1.0073  1.0099  1.0081 
1.1361  1.2102  1.3078  1.1982  1.4296  1.2288  1.4504  1.1961  1.6436  1.2830  1.3047  1.1750  1.4523  1.1312  1.4213  1.7817  1.9470  1.1405  1.0473  1.3215  1.2185  1.1278  1.8140  1.1107  1.6179  1.0113  6.9119  1.5527  1.8372  1.2997  1.5421  1.1473  1.0084  1.0075  1.0107  1.0059  1.0076  1.0070  1.0076  1.0045 
1.1169  1.1496  1.1597  1.1249  1.2173  1.1373  1.2046  1.1082  1.2582  1.1374  1.1674  1.0820  1.1938  1.0893  1.2206  1.2913  1.4207  1.1288  1.0631  1.2027  1.1583  1.0601  1.3196  1.0781  1.4538  1.0211  1.5527  6.9113  1.6052  1.2017  1.3389  1.1015  1.0082  1.0044  1.0087  1.0078  1.0054  1.0086  1.0070  1.0064 
1.1159  1.1900  1.2083  1.1797  1.4090  1.2866  1.3348  1.1277  1.4873  1.2380  1.4516  1.1217  1.4400  1.1429  1.3579  1.5683  1.9294  1.2422  1.0882  1.2337  1.2686  1.1450  1.4291  1.1118  1.3815  1.0097  1.8372  1.6052  6.8680  1.4807  1.7272  1.1781  1.0062  1.0050  1.0076  1.0089  1.0083  1.0067  1.0086  1.0047 
1.0633  1.1106  1.1182  1.1085  1.2037  1.1658  1.1609  1.0919  1.2326  1.1663  1.3169  1.0955  1.2603  1.1367  1.1446  1.2531  1.3964  1.1818  1.1225  1.1197  1.2242  1.1869  1.1731  1.0953  1.1308  1.0318  1.2997  1.2017  1.4807  6.6752  1.5056  1.1816  1.0116  1.0055  1.0102  1.0046  1.0063  1.0076  1.0090  1.0074 
1.0902  1.1307  1.1663  1.1211  1.3285  1.1587  1.2416  1.1043  1.3920  1.2079  1.2651  1.1316  1.6237  1.2963  1.2204  1.4220  1.7611  1.4201  1.0563  1.1831  1.1791  1.1512  1.2531  1.1076  1.2201  1.0118  1.5421  1.3389  1.7272  1.5056  6.8466  1.3697  1.0082  1.0060  1.0073  1.0082  1.0045  1.0053  1.0096  1.0045 
1.0271  1.0328  1.0415  1.0306  1.0694  1.0367  1.0728  1.0258  1.1096  1.0637  1.0756  1.0532  1.3212  1.3959  1.0546  1.0896  1.1851  1.9836  1.0195  1.0607  1.0445  1.0458  1.0857  1.0393  1.0987  1.0119  1.1473  1.1015  1.1781  1.1816  1.3697  6.9466  1.0064  1.0090  1.0073  1.0049  1.0093  1.0071  1.0056  1.0087 
1.0063  1.0074  1.0097  1.0064  1.0073  1.0058  1.0079  1.0089  1.0063  1.0068  1.0040  1.0055  1.0066  1.0059  1.0062  1.0102  1.0073  1.0106  1.0065  1.0097  1.0037  1.0052  1.0090  1.0079  1.0114  1.0073  1.0084  1.0082  1.0062  1.0116  1.0082  1.0064  6.6969  1.0110  1.0083  1.0125  1.0058  1.0049  1.0081  1.0088 
1.0094  1.0081  1.0065  1.0061  1.0089  1.0090  1.0061  1.0075  1.0062  1.0056  1.0089  1.0056  1.0064  1.0076  1.0058  1.0079  1.0066  1.0090  1.0054  1.0071  1.0104  1.0048  1.0083  1.0066  1.0098  1.0059  1.0075  1.0044  1.0050  1.0055  1.0060  1.0090  1.0110  6.7815  1.0113  1.0281  1.0109  1.0104  1.0098  1.0085 
1.0119  1.0099  1.0061  1.0104  1.0106  1.0083  1.0103  1.0099  1.0104  1.0053  1.0196  1.0084  1.0110  1.0048  1.0099  1.0103  1.0088  1.0082  1.0122  1.0068  1.0054  1.0076  1.0107  1.0053  1.0085  1.0113  1.0107  1.0087  1.0076  1.0102  1.0073  1.0073  1.0083  1.0113  6.6898  1.0099  1.0077  1.0086  1.0072  1.0041 
1.0096  1.0086  1.0093  1.0068  1.0073  1.0057  1.0061  1.0055  1.0050  1.0078  1.0075  1.0063  1.0055  1.0074  1.0100  1.0052  1.0068  1.0064  1.0068  1.0062  1.0062  1.0075  1.0121  1.0040  1.0074  1.0090  1.0059  1.0078  1.0089  1.0046  1.0082  1.0049  1.0125  1.0281  1.0099  6.8497  1.0052  1.0076  1.0060  1.0139 
1.0084  1.0057  1.0058  1.0099  1.0066  1.0100  1.0053  1.0049  1.0085  1.0045  1.0067  1.0042  1.0098  1.0122  1.0062  1.0063  1.0060  1.0088  1.0111  1.0057  1.0106  1.0050  1.0109  1.0069  1.0110  1.0135  1.0076  1.0054  1.0083  1.0063  1.0045  1.0093  1.0058  1.0109  1.0077  1.0052  6.9913  1.0107  1.0053  1.0132 
1.0078  1.0097  1.0075  1.0083  1.0072  1.0085  1.0071  1.0062  1.0098  1.0061  1.0040  1.0064  1.0081  1.0083  1.0080  1.0074  1.0086  1.0067  1.0063  1.0104  1.0046  1.0035  1.0113  1.0084  1.0073  1.0073  1.0070  1.0086  1.0067  1.0076  1.0053  1.0071  1.0049  1.0104  1.0086  1.0076  1.0107  6.9485  1.0189  1.0161 
1.0108  1.0094  1.0070  1.0121  1.0057  1.0075  1.0074  1.0097  1.0047  1.0054  1.0059  1.0058  1.0099  1.0098  1.0102  1.0064  1.0125  1.0053  1.0062  1.0073  1.0046  1.0053  1.0103  1.0058  1.0048  1.0099  1.0076  1.0070  1.0086  1.0090  1.0096  1.0056  1.0081  1.0098  1.0072  1.0060  1.0053  1.0189  7.0233  1.0407 
1.0056  1.0058  1.0098  1.0055  1.0130  1.0076  1.0060  1.0088  1.0076  1.0081  1.0065  1.0056  1.0080  1.0090  1.0102  1.0080  1.0056  1.0054  1.0071  1.0064  1.0085  1.0106  1.0033  1.0091  1.0043  1.0081  1.0045  1.0064  1.0047  1.0074  1.0045  1.0087  1.0088  1.0085  1.0041  1.0139  1.0132  1.0161  1.0407  6.8332 
# New slice
6.9348  1.1978  1.2722  1.2633  1.2141  1.2370  1.2509  1.1910  1.1825  1.1653  1.1394  1.0993  1.1287  1.0287  1.2283  1.1609  1.1800  1.0534  1.0103  1.2710  1.1558  1.0796  1.1299  1.1205  1.0724  1.0112  1.1524  1.1322  1.1507  1.1079  1.1143  1.0547  1.0092  1.0124  1.0081  1.0057  1.0089  1.0073  1.0066  1.0074 
1.1978  6.9106  1.5355  1.4407  1.4796  1.5880  1.4327  1.3786  1.2722  1.3772  1.3809  1.1660  1.1615  1.0463  1.4475  1.3119  1.2829  1.0630  1.0632  1.2647  1.2951  1.2014  1.1970  1.1534  1.0905  1.0132  1.2416  1.1692  1.2638  1.1733  1.1991  1.0656  1.0085  1.0086  1.0068  1.0069  1.0071  1.0102  1.0091  1.0081 
1.2722  1.5355  7.0660  1.5916  1.7797  1.4932  1.8901  1.5570  1.5182  1.5451  1.3649  1.3226  1.2882  1.0863  1.8650  1.4571  1.4704  1.1145  1.0379  1.5338  1.2302  1.1685  1.3440  1.1611  1.1331  1.0166  1.3253  1.1951  1.2774  1.1834  1.2766  1.0885  1.0080  1.0077  1.0071  1.0073  1.0097  1.0092  1.0079  1.0082 
1.2633  1.4407  1.5916  7.0778  1.4944  1.5963  1.4778  1.6222  1.3324  1.5202  1.3635  1.2617  1.2048  1.0695  1.4167  1.3594  1.3154  1.0599  1.0576  1.2685  1.3070  1.1701  1.2294  1.1469  1.1157  1.0234  1.2444  1.1348  1.2757  1.2060  1.2301  1.0733  1.0076  1.0077  1.0063  1.0084  1.0066  1.0132  1.0105  1.0067 
