# Array shape: (45, 40, 40)
1.6735  1.1821  1.1263  1.0353  1.1710  1.0715  1.1326  1.0734  1.0803  1.1305  1.1322  1.1245  1.1107  1.0445  1.2002  1.1580  1.1566  1.0775  1.1233  1.1528  1.1392  1.2470  1.1567  1.1241  1.1426  1.0382  1.1385  1.1132  1.0998  1.0784  1.0968  1.0861  0.9516  0.9485  0.9401  0.9639  0.9589  0.9692  0.9408  0.9587 
1.1821  1.6709  1.2059  1.0328  1.1879  1.0962  1.2128  1.0926  1.0717  1.1829  1.1776  1.1450  1.1215  1.0637  1.2345  1.2123  1.1524  1.0783  1.1948  1.1623  1.1465  1.1625  1.1672  1.1095  1.1541  1.0353  1.1397  1.1006  1.1015  1.0849  1.1017  1.0947  0.9524  0.9472  0.9379  0.9619  0.9586  0.9682  0.9414  0.9559 
1.1263  1.2059  1.6837  1.0256  1.2149  1.1847  1.2743  1.0986  1.0650  1.2040  1.1628  1.1386  1.1111  1.0425  1.2277  1.1610  1.1278  1.0663  1.1369  1.1200  1.1177  1.1256  1.1393  1.0804  1.1217  1.0413  1.1295  1.0840  1.0915  1.0699  1.0789  1.0856  0.9567  0.9525  0.9440  0.9663  0.9615  0.9705  0.9456  0.9606 
1.0353  1.0328  1.0256  1.6729  1.0275  0.9936  1.0380  1.1967  1.0123  1.0479  1.0485  1.0732  1.0403  1.0159  1.0474  1.0477  1.0484  1.0309  1.0462  1.0603  1.0306  1.0789  1.0480  1.0334  1.0478  0.9979  1.0482  1.0252  1.0364  1.0220  1.0427  1.0414  0.9542  0.9462  0.9397  0.9635  0.9585  0.9670  0.9407  0.9570 
1.1710  1.1879  1.2149  1.0275  1.6764  1.1212  1.2607  1.0946  1.1273  1.1767  1.1587  1.1712  1.1217  1.0559  1.2212  1.2677  1.1576  1.0811  1.1644  1.1352  1.1463  1.1311  1.2040  1.1207  1.1418  1.0364  1.1638  1.1348  1.1251  1.0942  1.1118  1.0943  0.9533  0.9485  0.9420  0.9664  0.9599  0.9685  0.9412  0.9579 
1.0715  1.0962  1.1847  0.9936  1.1212  1.6633  1.1620  1.0620  1.0134  1.1172  1.0832  1.0676  1.0546  1.0091  1.1032  1.0749  1.0581  1.0246  1.0771  1.0517  1.0653  1.0578  1.0556  1.0299  1.0501  1.0090  1.0680  1.0326  1.0474  1.0305  1.0372  1.0336  0.9501  0.9447  0.9372  0.9595  0.9559  0.9661  0.9375  0.9553 
1.1326  1.2128  1.2743  1.0380  1.2607  1.1620  1.6812  1.1166  1.0851  1.3275  1.2454  1.2230  1.1672  1.0651  1.2378  1.2289  1.1825  1.0979  1.1841  1.1283  1.1492  1.1473  1.1716  1.1001  1.1655  1.0366  1.2052  1.1239  1.1431  1.1082  1.1307  1.1516  0.9544  0.9514  0.9429  0.9665  0.9656  0.9695  0.9448  0.9605 
1.0734  1.0926  1.0986  1.1967  1.0946  1.0620  1.1166  1.6906  1.0454  1.1372  1.0992  1.1596  1.0938  1.0261  1.1064  1.1139  1.1063  1.0511  1.0945  1.1033  1.0689  1.1369  1.1128  1.0590  1.0933  1.0170  1.1067  1.0631  1.0623  1.0435  1.0615  1.0836  0.9591  0.9516  0.9455  0.9718  0.9640  0.9731  0.9459  0.9635 
1.0803  1.0717  1.0650  1.0123  1.1273  1.0134  1.0851  1.0454  1.6705  1.0744  1.0685  1.0729  1.0507  1.0239  1.0759  1.1000  1.1296  1.0326  1.0640  1.0529  1.0748  1.0484  1.0819  1.0662  1.0635  1.0131  1.0649  1.1005  1.0527  1.0512  1.0656  1.0659  0.9515  0.9487  0.9397  0.9637  0.9575  0.9685  0.9413  0.9578 
1.1305  1.1829  1.2040  1.0479  1.1767  1.1172  1.3275  1.1372  1.0744  1.6895  1.3062  1.2668  1.2288  1.0952  1.2444  1.2012  1.2057  1.1385  1.1764  1.1555  1.1662  1.1781  1.1815  1.1097  1.1827  1.0505  1.2250  1.1217  1.1637  1.1096  1.1529  1.1848  0.9577  0.9540  0.9453  0.9683  0.9648  0.9727  0.9455  0.9640 
1.1322  1.1776  1.1628  1.0485  1.1587  1.0832  1.2454  1.0992  1.0685  1.3062  1.6831  1.2938  1.3265  1.1409  1.2348  1.2351  1.2555  1.2206  1.1874  1.1710  1.1956  1.1759  1.2266  1.1398  1.2182  1.0519  1.3183  1.1470  1.2644  1.1615  1.2240  1.2289  0.9560  0.9501  0.9431  0.9658  0.9633  0.9706  0.9436  0.9602 
1.1245  1.1450  1.1386  1.0732  1.1712  1.0676  1.2230  1.1596  1.0729  1.2668  1.2938  1.6944  1.2498  1.1051  1.2069  1.1989  1.2256  1.1550  1.1444  1.1505  1.1533  1.1792  1.1944  1.1171  1.1860  1.0403  1.2405  1.1125  1.1670  1.1094  1.1495  1.2441  0.9613  0.9538  0.9468  0.9718  0.9666  0.9751  0.9484  0.9650 
1.1107  1.1215  1.1111  1.0403  1.1217  1.0546  1.1672  1.0938  1.0507  1.2288  1.3265  1.2498  1.6888  1.1889  1.1689  1.1847  1.2172  1.2562  1.1329  1.1422  1.1411  1.1512  1.1623  1.1089  1.1799  1.0331  1.2526  1.1262  1.2642  1.1631  1.2387  1.2914  0.9585  0.9525  0.9445  0.9679  0.9643  0.9724  0.9455  0.9621 
1.0445  1.0637  1.0425  1.0159  1.0559  1.0091  1.0651  1.0261  1.0239  1.0952  1.1409  1.1051  1.1889  1.6653  1.0851  1.0944  1.1475  1.2581  1.0933  1.0909  1.0736  1.0839  1.0908  1.0701  1.1186  1.0216  1.1395  1.1209  1.2176  1.2156  1.2894  1.1758  0.9491  0.9451  0.9366  0.9611  0.9567  0.9655  0.9377  0.9551 
1.2002  1.2345  1.2277  1.0474  1.2212  1.1032  1.2378  1.1064  1.0759  1.2444  1.2348  1.2069  1.1689  1.0851  1.6796  1.2687  1.1835  1.1071  1.2293  1.2141  1.2238  1.2350  1.2714  1.1641  1.2182  1.0491  1.2665  1.1550  1.1612  1.1189  1.1448  1.1425  0.9552  0.9512  0.9415  0.9648  0.9622  0.9709  0.9456  0.9600 
1.1580  1.2123  1.1610  1.0477  1.2677  1.0749  1.2289  1.1139  1.1000  1.2012  1.2351  1.1989  1.1847  1.0944  1.2687  1.6743  1.2212  1.1305  1.2219  1.1432  1.2083  1.1786  1.2634  1.1499  1.2167  1.0502  1.2248  1.1729  1.1682  1.1204  1.1589  1.1577  0.9546  0.9491  0.9410  0.9663  0.9596  0.9677  0.9421  0.9579 
1.1566  1.1524  1.1278  1.0484  1.1576  1.0581  1.1825  1.1063  1.1296  1.2057  1.2555  1.2256  1.2172  1.1475  1.1835  1.2212  1.6716  1.1846  1.1816  1.1617  1.1830  1.1538  1.2051  1.1617  1.2247  1.0536  1.2775  1.2229  1.2358  1.1826  1.2439  1.2231  0.9523  0.9467  0.9390  0.9637  0.9588  0.9662  0.9404  0.9573 
1.0775  1.0783  1.0663  1.0309  1.0811  1.0246  1.0979  1.0511  1.0326  1.1385  1.2206  1.1550  1.2562  1.2581  1.1071  1.1305  1.1846  1.6786  1.0916  1.1044  1.1057  1.1278  1.1247  1.0879  1.1404  1.0336  1.1857  1.1144  1.2250  1.1750  1.2768  1.2595  0.9535  0.9487  0.9408  0.9645  0.9598  0.9700  0.9426  0.9604 
1.1233  1.1948  1.1369  1.0462  1.1644  1.0771  1.1841  1.0945  1.0640  1.1764  1.1874  1.1444  1.1329  1.0933  1.2293  1.2219  1.1816  1.0916  1.6747  1.1565  1.2105  1.1689  1.2336  1.1795  1.2360  1.0549  1.2319  1.2089  1.1568  1.1395  1.1404  1.1154  0.9542  0.9501  0.9415  0.9639  0.9624  0.9695  0.9418  0.9583 
1.1528  1.1623  1.1200  1.0603  1.1352  1.0517  1.1283  1.1033  1.0529  1.1555  1.1710  1.1505  1.1422  1.0909  1.2141  1.1432  1.1617  1.1044  1.1565  1.6783  1.1944  1.1702  1.2004  1.1489  1.1900  1.0448  1.1883  1.1373  1.1449  1.1381  1.1473  1.1025  0.9548  0.9487  0.9419  0.9652  0.9592  0.9687  0.9422  0.9587 
1.1392  1.1465  1.1177  1.0306  1.1463  1.0653  1.1492  1.0689  1.0748  1.1662  1.1956  1.1533  1.1411  1.0736  1.2238  1.2083  1.1830  1.1057  1.2105  1.1944  1.6703  1.1900  1.3053  1.2038  1.2552  1.0685  1.2189  1.1806  1.1515  1.1264  1.1341  1.1012  0.9527  0.9483  0.9394  0.9606  0.9598  0.9666  0.9400  0.9564 
1.2470  1.1625  1.1256  1.0789  1.1311  1.0578  1.1473  1.1369  1.0484  1.1781  1.1759  1.1792  1.1512  1.0839  1.2350  1.1786  1.1538  1.1278  1.1689  1.1702  1.1900  1.6828  1.1879  1.1646  1.2012  1.0644  1.2068  1.1372  1.1286  1.1142  1.1282  1.1314  0.9560  0.9520  0.9464  0.9673  0.9614  0.9705  0.9444  0.9591 
1.1567  1.1672  1.1393  1.0480  1.2040  1.0556  1.1716  1.1128  1.0819  1.1815  1.2266  1.1944  1.1623  1.0908  1.2714  1.2634  1.2051  1.1247  1.2336  1.2004  1.3053  1.1879  1.6730  1.2048  1.2868  1.0687  1.2676  1.1985  1.1620  1.1463  1.1441  1.1220  0.9552  0.9469  0.9401  0.9639  0.9589  0.9677  0.9402  0.9577 
1.1241  1.1095  1.0804  1.0334  1.1207  1.0299  1.1001  1.0590  1.0662  1.1097  1.1398  1.1171  1.1089  1.0701  1.1641  1.1499  1.1617  1.0879  1.1795  1.1489  1.2038  1.1646  1.2048  1.6714  1.2513  1.1027  1.1886  1.2044  1.1354  1.1191  1.1226  1.1193  0.9536  0.9487  0.9406  0.9613  0.9603  0.9699  0.9393  0.9568 
1.1426  1.1541  1.1217  1.0478  1.1418  1.0501  1.1655  1.0933  1.0635  1.1827  1.2182  1.1860  1.1799  1.1186  1.2182  1.2167  1.2247  1.1404  1.2360  1.1900  1.2552  1.2012  1.2868  1.2513  1.6788  1.0963  1.3073  1.2583  1.2083  1.1871  1.1889  1.1550  0.9545  0.9511  0.9425  0.9664  0.9610  0.9706  0.9429  0.9603 
1.0382  1.0353  1.0413  0.9979  1.0364  1.0090  1.0366  1.0170  1.0131  1.0505  1.0519  1.0403  1.0331  1.0216  1.0491  1.0502  1.0536  1.0336  1.0549  1.0448  1.0685  1.0644  1.0687  1.1027  1.0963  1.6697  1.0563  1.1092  1.0474  1.0459  1.0444  1.0313  0.9531  0.9462  0.9391  0.9612  0.9563  0.9667  0.9385  0.9550 
1.1385  1.1397  1.1295  1.0482  1.1638  1.0680  1.2052  1.1067  1.0649  1.2250  1.3183  1.2405  1.2526  1.1395  1.2665  1.2248  1.2775  1.1857  1.2319  1.1883  1.2189  1.2068  1.2676  1.1886  1.3073  1.0563  1.6791  1.2030  1.2768  1.1964  1.2379  1.1988  0.9559  0.9499  0.9428  0.9663  0.9611  0.9695  0.9447  0.9585 
1.1132  1.1006  1.0840  1.0252  1.1348  1.0326  1.1239  1.0631  1.1005  1.1217  1.1470  1.1125  1.1262  1.1209  1.1550  1.1729  1.2229  1.1144  1.2089  1.1373  1.1806  1.1372  1.1985  1.2044  1.2583  1.1092  1.2030  1.6730  1.2015  1.2428  1.1777  1.1414  0.9527  0.9515  0.9433  0.9624  0.9581  0.9696  0.9396  0.9574 
1.0998  1.1015  1.0915  1.0364  1.1251  1.0474  1.1431  1.0623  1.0527  1.1637  1.2644  1.1670  1.2642  1.2176  1.1612  1.1682  1.2358  1.2250  1.1568  1.1449  1.1515  1.1286  1.1620  1.1354  1.2083  1.0474  1.2768  1.2015  1.6778  1.2738  1.3031  1.1947  0.9542  0.9496  0.9418  0.9664  0.9603  0.9690  0.9431  0.9599 
1.0784  1.0849  1.0699  1.0220  1.0942  1.0305  1.1082  1.0435  1.0512  1.1096  1.1615  1.1094  1.1631  1.2156  1.1189  1.1204  1.1826  1.1750  1.1395  1.1381  1.1264  1.1142  1.1463  1.1191  1.1871  1.0459  1.1964  1.2428  1.2738  1.6627  1.2281  1.1447  0.9489  0.9460  0.9377  0.9598  0.9553  0.9641  0.9382  0.9551 
1.0968  1.1017  1.0789  1.0427  1.1118  1.0372  1.1307  1.0615  1.0656  1.1529  1.2240  1.1495  1.2387  1.2894  1.1448  1.1589  1.2439  1.2768  1.1404  1.1473  1.1341  1.1282  1.1441  1.1226  1.1889  1.0444  1.2379  1.1777  1.3031  1.2281  1.6741  1.2041  0.9526  0.9475  0.9392  0.9647  0.9603  0.9683  0.9412  0.9576 
1.0861  1.0947  1.0856  1.0414  1.0943  1.0336  1.1516  1.0836  1.0659  1.1848  1.2289  1.2441  1.2914  1.1758  1.1425  1.1577  1.2231  1.2595  1.1154  1.1025  1.1012  1.1314  1.1220  1.1193  1.1550  1.0313  1.1988  1.1414  1.1947  1.1447  1.2041  1.6755  0.9542  0.9480  0.9409  0.9642  0.9590  0.9684  0.9413  0.9595 
0.9516  0.9524  0.9567  0.9542  0.9533  0.9501  0.9544  0.9591  0.9515  0.9577  0.9560  0.9613  0.9585  0.9491  0.9552  0.9546  0.9523  0.9535  0.9542  0.9548  0.9527  0.9560  0.9552  0.9536  0.9545  0.9531  0.9559  0.9527  0.9542  0.9489  0.9526  0.9542  1.6389  0.9617  0.9410  0.9537  0.9467  0.9557  0.9292  0.9452 
0.9485  0.9472  0.9525  0.9462  0.9485  0.9447  0.9514  0.9516  0.9487  0.9540  0.9501  0.9538  0.9525  0.9451  0.9512  0.9491  0.9467  0.9487  0.9501  0.9487  0.9483  0.9520  0.9469  0.9487  0.9511  0.9462  0.9499  0.9515  0.9496  0.9460  0.9475  0.9480  0.9617  1.6226  0.9810  0.9497  0.9413  0.9498  0.9229  0.9428 
0.9401  0.9379  0.9440  0.9397  0.9420  0.9372  0.9429  0.9455  0.9397  0.9453  0.9431  0.9468  0.9445  0.9366  0.9415  0.9410  0.9390  0.9408  0.9415  0.9419  0.9394  0.9464  0.9401  0.9406  0.9425  0.9391  0.9428  0.9433  0.9418  0.9377  0.9392  0.9409  0.9410  0.9810  1.6015  0.9403  0.9379  0.9444  0.9181  0.9325 
0.9639  0.9619  0.9663  0.9635  0.9664  0.9595  0.9665  0.9718  0.9637  0.9683  0.9658  0.9718  0.9679  0.9611  0.9648  0.9663  0.9637  0.9645  0.9639  0.9652  0.9606  0.9673  0.9639  0.9613  0.9664  0.9612  0.9663  0.9624  0.9664  0.9598  0.9647  0.9642  0.9537  0.9497  0.9403  1.6687  0.9608  0.9669  0.9413  0.9573 
0.9589  0.9586  0.9615  0.9585  0.9599  0.9559  0.9656  0.9640  0.9575  0.9648  0.9633  0.9666  0.9643  0.9567  0.9622  0.9596  0.9588  0.9598  0.9624  0.9592  0.9598  0.9614  0.9589  0.9603  0.9610  0.9563  0.9611  0.9581  0.9603  0.9553  0.9603  0.9590  0.9467  0.9413  0.9379  0.9608  1.6563  0.9663  0.9341  0.9518 
0.9692  0.9682  0.9705  0.9670  0.9685  0.9661  0.9695  0.9731  0.9685  0.9727  0.9706  0.9751  0.9724  0.9655  0.9709  0.9677  0.9662  0.9700  0.9695  0.9687  0.9666  0.9705  0.9677  0.9699  0.9706  0.9667  0.9695  0.9696  0.9690  0.9641  0.9683  0.9684  0.9557  0.9498  0.9444  0.9669  0.9663  1.6827  0.9443  0.9678 
0.9408  0.9414  0.9456  0.9407  0.9412  0.9375  0.9448  0.9459  0.9413  0.9455  0.9436  0.9484  0.9455  0.9377  0.9456  0.9421  0.9404  0.9426  0.9418  0.9422  0.9400  0.9444  0.9402  0.9393  0.9429  0.9385  0.9447  0.9396  0.9431  0.9382  0.9412  0.9413  0.9292  0.9229  0.9181  0.9413  0.9341  0.9443  1.6033  0.9346 
0.9587  0.9559  0.9606  0.9570  0.9579  0.9553  0.9605  0.9635  0.9578  0.9640  0.9602  0.9650  0.9621  0.9551  0.9600  0.9579  0.9573  0.9604  0.9583  0.9587  0.9564  0.9591  0.9577  0.9568  0.9603  0.9550  0.9585  0.9574  0.9599  0.9551  0.9576  0.9595  0.9452  0.9428  0.9325  0.9573  0.9518  0.9678  0.9346  1.6552 
# New slice
1.6787  1.1490  1.1171  1.0542  1.1356  1.0593  1.1254  1.0720  1.0523  1.1293  1.1112  1.0906  1.0939  1.0249  1.1773  1.1491  1.1101  1.0462  1.1054  1.1224  1.1291  1.2112  1.1406  1.1398  1.1125  1.0236  1.1096  1.0935  1.1034  1.0604  1.0680  1.0549  0.9514  0.9477  0.9457  0.9678  0.9624  0.9719  0.9515  0.9600 
1.1490  1.6883  1.1382  1.0524  1.1700  1.0780  1.1481  1.0659  1.0429  1.1563  1.1173  1.1038  1.0982  1.0212  1.1872  1.1427  1.1215  1.0613  1.1957  1.1310  1.1074  1.1412  1.1451  1.1123  1.0966  1.0213  1.1331  1.0970  1.0849  1.0665  1.0795  1.0677  0.9553  0.9509  0.9479  0.9701  0.9644  0.9730  0.9533  0.9631 
1.1171  1.1382  1.6920  1.0504  1.2216  1.1891  1.2487  1.0852  1.0447  1.2170  1.1628  1.1218  1.1191  1.0235  1.2027  1.1585  1.1201  1.0548  1.1235  1.0914  1.1104  1.1075  1.1433  1.0970  1.1039  1.0199  1.1288  1.0833  1.0937  1.0520  1.0709  1.0695  0.9580  0.9499  0.9487  0.9713  0.9659  0.9757  0.9550  0.9656 
1.0542  1.0524  1.0504  1.6905  1.0524  1.0183  1.0631  1.1927  1.0178  1.0675  1.0769  1.0709  1.0661  1.0055  1.0749  1.0683  1.0888  1.0294  1.0685  1.0670  1.0542  1.0830  1.0728  1.0498  1.0732  1.0023  1.0823  1.0377  1.0534  1.0255  1.0362  1.0466  0.9584  0.9507  0.9487  0.9707  0.9655  0.9736  0.9566  0.9653 
1.1356  1.1700  1.2216  1.0524  1.6865  1.1337  1.2696  1.0923  1.1069  1.2279  1.1666  1.1537  1.1471  1.0399  1.2497  1.2682  1.1841  1.0789  1.1784  1.1074  1.1443  1.1297  1.2070  1.1235  1.1368  1.0241  1.1817  1.1355  1.1340  1.0773  1.1243  1.0955  0.9558  0.9483  0.9468  0.9734  0.9642  0.9725  0.9512  0.9620 
1.0593  1.0780  1.1891  1.0183  1.1337  1.6739  1.1505  1.0588  1.0130  1.1223  1.0737  1.0603  1.0559  0.9893  1.0943  1.0680  1.0557  1.0151  1.0633  1.0330  1.0472  1.0502  1.0626  1.0365  1.0477  0.9955  1.0576  1.0370  1.0408  1.0102  1.0247  1.0242  0.9520  0.9442  0.9423  0.9666  0.9610  0.9709  0.9505  0.9588 
1.1254  1.1481  1.2487  1.0631  1.2696  1.1505  1.6983  1.1238  1.0658  1.3190  1.2488  1.1884  1.1804  1.0562  1.2362  1.2382  1.1898  1.1167  1.1632  1.0990  1.1416  1.1268  1.1987  1.1091  1.1663  1.0301  1.2127  1.1254  1.1470  1.0881  1.1255  1.1194  0.9597  0.9534  0.9508  0.9745  0.9693  0.9774  0.9553  0.9663 
1.0720  1.0659  1.0852  1.1927  1.0923  1.0588  1.1238  1.7015  1.0468  1.1531  1.1230  1.1563  1.1206  1.0084  1.1248  1.1032  1.1327  1.0519  1.0835  1.0785  1.0841  1.1102  1.1095  1.0759  1.0910  1.0150  1.1049  1.0601  1.0801  1.0320  1.0531  1.0651  0.9621  0.9555  0.9533  0.9749  0.9700  0.9780  0.9576  0.9681 
1.0523  1.0429  1.0447  1.0178  1.1069  1.0130  1.0658  1.0468  1.6719  1.0637  1.0606  1.0763  1.0473  1.0371  1.0587  1.0857  1.1259  1.0459  1.0607  1.0251  1.0477  1.0291  1.0667  1.0478  1.0643  0.9984  1.0685  1.0814  1.0582  1.0594  1.0799  1.0693  0.9497  0.9441  0.9427  0.9645  0.9594  0.9676  0.9470  0.9574 
1.1293  1.1563  1.2170  1.0675  1.2279  1.1223  1.3190  1.1531  1.0637  1.6957  1.3385  1.2982  1.2651  1.0980  1.2232  1.2201  1.2504  1.1381  1.1565  1.1162  1.1414  1.1340  1.2149  1.1326  1.1682  1.0324  1.2558  1.1189  1.1777  1.1179  1.1570  1.1994  0.9586  0.9534  0.9508  0.9749  0.9674  0.9756  0.9548  0.9660 
1.1112  1.1173  1.1628  1.0769  1.1666  1.0737  1.2488  1.1230  1.0606  1.3385  1.7057  1.3031  1.3370  1.1042  1.2103  1.2154  1.2755  1.1905  1.1532  1.1143  1.1501  1.1303  1.2295  1.1326  1.1886  1.0440  1.2808  1.1365  1.2403  1.1290  1.1992  1.2291  0.9638  0.9557  0.9535  0.9758  0.9693  0.9784  0.9572  0.9704 
1.0906  1.1038  1.1218  1.0709  1.1537  1.0603  1.1884  1.1563  1.0763  1.2982  1.3031  1.7009  1.2586  1.0692  1.1535  1.1670  1.2444  1.1422  1.1129  1.0836  1.1222  1.1226  1.1758  1.1054  1.1596  1.0309  1.2101  1.1143  1.1622  1.1099  1.1437  1.2330  0.9603  0.9567  0.9522  0.9748  0.9695  0.9766  0.9577  0.9671 
1.0939  1.0982  1.1191  1.0661  1.1471  1.0559  1.1804  1.1206  1.0473  1.2651  1.3370  1.2586  1.7017  1.1484  1.1634  1.1666  1.2446  1.2600  1.1200  1.0908  1.1241  1.1376  1.1903  1.1267  1.1746  1.0437  1.2944  1.1340  1.2634  1.1505  1.2259  1.2692  0.9606  0.9543  0.9525  0.9744  0.9678  0.9766  0.9585  0.9710 
1.0249  1.0212  1.0235  1.0055  1.0399  0.9893  1.0562  1.0084  1.0371  1.0980  1.1042  1.0692  1.1484  1.6432  1.0503  1.0803  1.1295  1.2624  1.0598  1.0220  1.0678  1.0572  1.0718  1.0632  1.0901  1.0026  1.1180  1.1119  1.1602  1.1883  1.2563  1.1725  0.9415  0.9366  0.9329  0.9540  0.9506  0.9576  0.9388  0.9493 
1.1773  1.1872  1.2027  1.0749  1.2497  1.0943  1.2362  1.1248  1.0587  1.2232  1.2103  1.1535  1.1634  1.0503  1.6921  1.2688  1.2059  1.1049  1.2310  1.1594  1.2145  1.2119  1.2727  1.1939  1.2257  1.0482  1.2541  1.1545  1.1773  1.1195  1.1249  1.1104  0.9579  0.9509  0.9488  0.9724  0.9653  0.9748  0.9558  0.9643 
1.1491  1.1427  1.1585  1.0683  1.2682  1.0680  1.2382  1.1032  1.0857  1.2201  1.2154  1.1670  1.1666  1.0803  1.2688  1.6903  1.2373  1.1220  1.2049  1.1095  1.1855  1.1471  1.2628  1.1563  1.2181  1.0495  1.2338  1.1659  1.1850  1.1351  1.1648  1.1282  0.9565  0.9511  0.9475  0.9710  0.9642  0.9738  0.9534  0.9643 
1.1101  1.1215  1.1201  1.0888  1.1841  1.0557  1.1898  1.1327  1.1259  1.2504  1.2755  1.2444  1.2446  1.1295  1.2059  1.2373  1.6940  1.1796  1.1574  1.1300  1.1786  1.1354  1.2390  1.1568  1.2353  1.0711  1.2988  1.1973  1.2709  1.1673  1.2320  1.1804  0.9570  0.9520  0.9503  0.9726  0.9672  0.9742  0.9545  0.9656 
1.0462  1.0613  1.0548  1.0294  1.0789  1.0151  1.1167  1.0519  1.0459  1.1381  1.1905  1.1422  1.2600  1.2624  1.1049  1.1220  1.1796  1.6783  1.0899  1.0532  1.0932  1.0805  1.1147  1.0854  1.1224  1.0166  1.1694  1.1245  1.1938  1.1749  1.3165  1.2786  0.9532  0.9467  0.9435  0.9660  0.9606  0.9694  0.9491  0.9607 
1.1054  1.1957  1.1235  1.0685  1.1784  1.0633  1.1632  1.0835  1.0607  1.1565  1.1532  1.1129  1.1200  1.0598  1.2310  1.2049  1.1574  1.0899  1.6898  1.1090  1.2138  1.1549  1.2137  1.2173  1.2015  1.0492  1.2030  1.2012  1.1604  1.1366  1.1276  1.0844  0.9570  0.9509  0.9471  0.9712  0.9634  0.9743  0.9523  0.9652 
1.1224  1.1310  1.0914  1.0670  1.1074  1.0330  1.0990  1.0785  1.0251  1.1162  1.1143  1.0836  1.0908  1.0220  1.1594  1.1095  1.1300  1.0532  1.1090  1.6755  1.1068  1.0736  1.1380  1.1229  1.1317  1.0310  1.1273  1.0986  1.1013  1.0528  1.0817  1.0587  0.9519  0.9453  0.9428  0.9652  0.9613  0.9690  0.9483  0.9614 
1.1291  1.1074  1.1104  1.0542  1.1443  1.0472  1.1416  1.0841  1.0477  1.1414  1.1501  1.1222  1.1241  1.0678  1.2145  1.1855  1.1786  1.0932  1.2138  1.1068  1.6857  1.1631  1.2635  1.2482  1.2397  1.0456  1.1944  1.1624  1.1373  1.1224  1.1215  1.0919  0.9546  0.9492  0.9455  0.9678  0.9627  0.9715  0.9523  0.9649 
1.2112  1.1412  1.1075  1.0830  1.1297  1.0502  1.1268  1.1102  1.0291  1.1340  1.1303  1.1226  1.1376  1.0572  1.2119  1.1471  1.1354  1.0805  1.1549  1.0736  1.1631  1.6968  1.1933  1.1547  1.1907  1.0583  1.1683  1.1380  1.1480  1.0919  1.0933  1.0859  0.9602  0.9539  0.9502  0.9725  0.9663  0.9760  0.9567  0.9679 
1.1406  1.1451  1.1433  1.0728  1.2070  1.0626  1.1987  1.1095  1.0667  1.2149  1.2295  1.1758  1.1903  1.0718  1.2727  1.2628  1.2390  1.1147  1.2137  1.1380  1.2635  1.1933  1.6900  1.2196  1.2887  1.0710  1.2940  1.2019  1.2101  1.1401  1.1535  1.1418  0.9570  0.9509  0.9473  0.9713  0.9665  0.9747  0.9539  0.9657 
1.1398  1.1123  1.0970  1.0498  1.1235  1.0365  1.1091  1.0759  1.0478  1.1326  1.1326  1.1054  1.1267  1.0632  1.1939  1.1563  1.1568  1.0854  1.2173  1.1229  1.2482  1.1547  1.2196  1.6941  1.2729  1.0826  1.1899  1.1700  1.1614  1.1056  1.1094  1.0852  0.9571  0.9514  0.9491  0.9710  0.9668  0.9755  0.9547  0.9667 
1.1125  1.0966  1.1039  1.0732  1.1368  1.0477  1.1663  1.0910  1.0643  1.1682  1.1886  1.1596  1.1746  1.0901  1.2257  1.2181  1.2353  1.1224  1.2015  1.1317  1.2397  1.1907  1.2887  1.2729  1.6937  1.0825  1.2945  1.2643  1.2496  1.1616  1.1759  1.1296  0.9574  0.9506  0.9487  0.9712  0.9679  0.9739  0.9543  0.9672 
1.0236  1.0213  1.0199  1.0023  1.0241  0.9955  1.0301  1.0150  0.9984  1.0324  1.0440  1.0309  1.0437  1.0026  1.0482  1.0495  1.0711  1.0166  1.0492  1.0310  1.0456  1.0583  1.0710  1.0826  1.0825  1.6691  1.0630  1.0907  1.0734  1.0402  1.0369  1.0162  0.9496  0.9440  0.9417  0.9631  0.9589  0.9664  0.9446  0.9604 
1.1096  1.1331  1.1288  1.0823  1.1817  1.0576  1.2127  1.1049  1.0685  1.2558  1.2808  1.2101  1.2944  1.1180  1.2541  1.2338  1.2988  1.1694  1.2030  1.1273  1.1944  1.1683  1.2940  1.1899  1.2945  1.0630  1.6988  1.2081  1.2694  1.1733  1.2237  1.1822  0.9592  0.9537  0.9509  0.9737  0.9667  0.9774  0.9556  0.9689 
1.0935  1.0970  1.0833  1.0377  1.1355  1.0370  1.1254  1.0601  1.0814  1.1189  1.1365  1.1143  1.1340  1.1119  1.1545  1.1659  1.1973  1.1245  1.2012  1.0986  1.1624  1.1380  1.2019  1.1700  1.2643  1.0907  1.2081  1.6815  1.2383  1.2318  1.1901  1.1180  0.9532  0.9487  0.9456  0.9669  0.9627  0.9712  0.9494  0.9633 
1.1034  1.0849  1.0937  1.0534  1.1340  1.0408  1.1470  1.0801  1.0582  1.1777  1.2403  1.1622  1.2634  1.1602  1.1773  1.1850  1.2709  1.1938  1.1604  1.1013  1.1373  1.1480  1.2101  1.1614  1.2496  1.0734  1.2694  1.2383  1.6913  1.2591  1.2654  1.1676  0.9573  0.9493  0.9488  0.9709  0.9654  0.9732  0.9539  0.9660 
1.0604  1.0665  1.0520  1.0255  1.0773  1.0102  1.0881  1.0320  1.0594  1.1179  1.1290  1.1099  1.1505  1.1883  1.1195  1.1351  1.1673  1.1749  1.1366  1.0528  1.1224  1.0919  1.1401  1.1056  1.1616  1.0402  1.1733  1.2318  1.2591  1.6662  1.2525  1.1168  0.9507  0.9424  0.9409  0.9612  0.9570  0.9638  0.9453  0.9569 
1.0680  1.0795  1.0709  1.0362  1.1243  1.0247  1.1255  1.0531  1.0799  1.1570  1.1992  1.1437  1.2259  1.2563  1.1249  1.1648  1.2320  1.3165  1.1276  1.0817  1.1215  1.0933  1.1535  1.1094  1.1759  1.0369  1.2237  1.1901  1.2654  1.2525  1.6771  1.2031  0.9526  0.9455  0.9450  0.9654  0.9595  0.9680  0.9485  0.9606 
1.0549  1.0677  1.0695  1.0466  1.0955  1.0242  1.1194  1.0651  1.0693  1.1994  1.2291  1.2330  1.2692  1.1725  1.1104  1.1282  1.1804  1.2786  1.0844  1.0587  1.0919  1.0859  1.1418  1.0852  1.1296  1.0162  1.1822  1.1180  1.1676  1.1168  1.2031  1.6788  0.9530  0.9467  0.9448  0.9673  0.9610  0.9696  0.9499  0.9624 
0.9514  0.9553  0.9580  0.9584  0.9558  0.9520  0.9597  0.9621  0.9497  0.9586  0.9638  0.9603  0.9606  0.9415  0.9579  0.9565  0.9570  0.9532  0.9570  0.9519  0.9546  0.9602  0.9570  0.9571  0.9574  0.9496  0.9592  0.9532  0.9573  0.9507  0.9526  0.9530  1.6357  0.9518  0.9410  0.9532  0.9499  0.9547  0.9339  0.9459 
0.9477  0.9509  0.9499  0.9507  0.9483  0.9442  0.9534  0.9555  0.9441  0.9534  0.9557  0.9567  0.9543  0.9366  0.9509  0.9511  0.9520  0.9467  0.9509  0.9453  0.9492  0.9539  0.9509  0.9514  0.9506  0.9440  0.9537  0.9487  0.9493  0.9424  0.9455  0.9467  0.9518  1.6179  0.9807  0.9473  0.9409  0.9503  0.9277  0.9437 
0.9457  0.9479  0.9487  0.9487  0.9468  0.9423  0.9508  0.9533  0.9427  0.9508  0.9535  0.9522  0.9525  0.9329  0.9488  0.9475  0.9503  0.9435  0.9471  0.9428  0.9455  0.9502  0.9473  0.9491  0.9487  0.9417  0.9509  0.9456  0.9488  0.9409  0.9450  0.9448  0.9410  0.9807  1.6100  0.9472  0.9378  0.9504  0.9256  0.9403 
0.9678  0.9701  0.9713  0.9707  0.9734  0.9666  0.9745  0.9749  0.9645  0.9749  0.9758  0.9748  0.9744  0.9540  0.9724  0.9710  0.9726  0.9660  0.9712  0.9652  0.9678  0.9725  0.9713  0.9710  0.9712  0.9631  0.9737  0.9669  0.9709  0.9612  0.9654  0.9673  0.9532  0.9473  0.9472  1.6765  0.9648  0.9703  0.9493  0.9597 
0.9624  0.9644  0.9659  0.9655  0.9642  0.9610  0.9693  0.9700  0.9594  0.9674  0.9693  0.9695  0.9678  0.9506  0.9653  0.9642  0.9672  0.9606  0.9634  0.9613  0.9627  0.9663  0.9665  0.9668  0.9679  0.9589  0.9667  0.9627  0.9654  0.9570  0.9595  0.9610  0.9499  0.9409  0.9378  0.9648  1.6580  0.9649  0.9420  0.9544 
0.9719  0.9730  0.9757  0.9736  0.9725  0.9709  0.9774  0.9780  0.9676  0.9756  0.9784  0.9766  0.9766  0.9576  0.9748  0.9738  0.9742  0.9694  0.9743  0.9690  0.9715  0.9760  0.9747  0.9755  0.9739  0.9664  0.9774  0.9712  0.9732  0.9638  0.9680  0.9696  0.9547  0.9503  0.9504  0.9703  0.9649  1.6869  0.9544  0.9635 
0.9515  0.9533  0.9550  0.9566  0.9512  0.9505  0.9553  0.9576  0.9470  0.9548  0.9572  0.9577  0.9585  0.9388  0.9558  0.9534  0.9545  0.9491  0.9523  0.9483  0.9523  0.9567  0.9539  0.9547  0.9543  0.9446  0.9556  0.9494  0.9539  0.9453  0.9485  0.9499  0.9339  0.9277  0.9256  0.9493  0.9420  0.9544  1.6235  0.9420 
0.9600  0.9631  0.9656  0.9653  0.9620  0.9588  0.9663  0.9681  0.9574  0.9660  0.9704  0.9671  0.9710  0.9493  0.9643  0.9643  0.9656  0.9607  0.9652  0.9614  0.9649  0.9679  0.9657  0.9667  0.9672  0.9604  0.9689  0.9633  0.9660  0.9569  0.9606  0.9624  0.9459  0.9437  0.9403  0.9597  0.9544  0.9635  0.9420  1.6588 
# New slice
1.6815  1.1739  1.1524  1.0420  1.1499  1.0575  1.1450  1.0521  1.0699  1.1321  1.1084  1.0996  1.0918  1.0364  1.1841  1.1423  1.1194  1.0645  1.1323  1.1268  1.1145  1.1893  1.1443  1.1043  1.1216  1.0106  1.1217  1.1123  1.1012  1.0705  1.1037  1.0762  0.9500  0.9408  0.9360  0.9634  0.9589  0.9744  0.9505  0.9620 
1.1739  1.6911  1.2183  1.0452  1.2109  1.0823  1.1993  1.0611  1.0669  1.1817  1.1528  1.1408  1.1200  1.0473  1.2420  1.1901  1.1276  1.0781  1.2083  1.1391  1.1168  1.1953  1.1624  1.0994  1.1302  1.0167  1.1653  1.0956  1.1182  1.0760  1.0970  1.1108  0.9542  0.9452  0.9400  0.9692  0.9631  0.9779  0.9551  0.9663 
1.1524  1.2183  1.6856  1.0270  1.2215  1.1774  1.2716  1.0524  1.0523  1.2078  1.1682  1.1231  1.1246  1.0388  1.2132  1.1891  1.1358  1.0648  1.1533  1.1225  1.1136  1.1307  1.1486  1.0720  1.1272  1.0141  1.1519  1.1008  1.1134  1.0608  1.0924  1.0872  0.9536  0.9447  0.9381  0.9664  0.9604  0.9756  0.9525  0.9647 
1.0420  1.0452  1.0270  1.6854  1.0411  0.9950  1.0527  1.1721  1.0232  1.0621  1.0587  1.0737  1.0476  1.0108  1.0548  1.0516  1.0685  1.0197  1.0604  1.0413  1.0435  1.0800  1.0492  1.0360  1.0489  0.9986  1.0574  1.0512  1.0418  1.0320  1.0311  1.0342  0.9510  0.9428  0.9376  0.9677  0.9591  0.9733  0.9513  0.9629 
1.1499  1.2109  1.2215  1.0411  1.6927  1.1107  1.2626  1.0769  1.1161  1.2275  1.1935  1.1635  1.1696  1.0615  1.2495  1.2968  1.2015  1.1014  1.1854  1.1337  1.1475  1.1260  1.2072  1.0948  1.1831  1.0142  1.2152  1.1493  1.1450  1.1068  1.1512  1.1260  0.9537  0.9446  0.9404  0.9691  0.9620  0.9788  0.9545  0.9662 
1.0575  1.0823  1.1774  0.9950  1.1107  1.6638  1.1518  1.0347  1.0109  1.1223  1.0901  1.0564  1.0549  1.0064  1.0851  1.0711  1.0465  1.0233  1.0659  1.0381  1.0337  1.0591  1.0480  1.0195  1.0409  0.9893  1.0555  1.0322  1.0503  1.0191  1.0340  1.0395  0.9433  0.9354  0.9304  0.9589  0.9525  0.9667  0.9441  0.9565 
1.1450  1.1993  1.2716  1.0527  1.2626  1.1518  1.6998  1.0912  1.0688  1.3077  1.2661  1.1936  1.1731  1.0767  1.2531  1.2589  1.1700  1.1054  1.1887  1.1633  1.1314  1.1358  1.1779  1.0971  1.1713  1.0280  1.2270  1.1330  1.1636  1.1178  1.1378  1.1386  0.9567  0.9494  0.9432  0.9731  0.9639  0.9813  0.9578  0.9692 
1.0521  1.0611  1.0524  1.1721  1.0769  1.0347  1.0912  1.6893  1.0439  1.1214  1.1021  1.1142  1.0743  1.0092  1.0886  1.0818  1.0842  1.0304  1.0906  1.0712  1.0663  1.0887  1.0675  1.0437  1.0564  1.0049  1.0701  1.0487  1.0473  1.0308  1.0398  1.0527  0.9533  0.9445  0.9388  0.9677  0.9622  0.9746  0.9527  0.9641 
1.0699  1.0669  1.0523  1.0232  1.1161  1.0109  1.0688  1.0439  1.6877  1.0640  1.0573  1.0779  1.0488  1.0209  1.0880  1.1076  1.1180  1.0354  1.0653  1.0503  1.0606  1.0362  1.0732  1.0478  1.0643  0.9931  1.0699  1.0693  1.0533  1.0361  1.0684  1.0536  0.9522  0.9445  0.9382  0.9671  0.9601  0.9771  0.9529  0.9631 
1.1321  1.1817  1.2078  1.0621  1.2275  1.1223  1.3077  1.1214  1.0640  1.7028  1.3339  1.2695  1.2334  1.1068  1.2591  1.2330  1.2181  1.1240  1.1753  1.1676  1.1392  1.1371  1.2048  1.1064  1.1805  1.0203  1.2599  1.1382  1.1916  1.1276  1.1637  1.1667  0.9573  0.9485  0.9442  0.9709  0.9654  0.9816  0.9574  0.9689 
1.1084  1.1528  1.1682  1.0587  1.1935  1.0901  1.2661  1.1021  1.0573  1.3339  1.7029  1.2702  1.3353  1.1162  1.2196  1.2167  1.2417  1.1661  1.1668  1.1594  1.1560  1.1491  1.1707  1.1094  1.1816  1.0269  1.2617  1.1382  1.2125  1.1507  1.1866  1.2334  0.9584  0.9504  0.9440  0.9723  0.9661  0.9815  0.9573  0.9697 
1.0996  1.1408  1.1231  1.0737  1.1635  1.0564  1.1936  1.1142  1.0779  1.2695  1.2702  1.7055  1.2660  1.0848  1.1770  1.2007  1.2279  1.1423  1.1329  1.1278  1.1311  1.1178  1.1591  1.0885  1.1532  1.0186  1.2165  1.1214  1.1675  1.1154  1.1782  1.2151  0.9593  0.9509  0.9441  0.9726  0.9677  0.9832  0.9579  0.9694 
1.0918  1.1200  1.1246  1.0476  1.1696  1.0549  1.1731  1.0743  1.0488  1.2334  1.3353  1.2660  1.7057  1.1605  1.1973  1.1817  1.2408  1.2249  1.1287  1.1455  1.1271  1.1357  1.1703  1.0943  1.1810  1.0289  1.2699  1.1366  1.2403  1.1515  1.2218  1.2555  0.9587  0.9498  0.9447  0.9727  0.9656  0.9819  0.9580  0.9706 
1.0364  1.0473  1.0388  1.0108  1.0615  1.0064  1.0767  1.0092  1.0209  1.1068  1.1162  1.0848  1.1605  1.6692  1.0719  1.0835  1.1403  1.2587  1.0685  1.0560  1.0486  1.0523  1.0681  1.0616  1.0862  1.0034  1.1514  1.1212  1.2027  1.2298  1.2669  1.1603  0.9490  0.9377  0.9325  0.9615  0.9541  0.9686  0.9471  0.9569 
1.1841  1.2420  1.2132  1.0548  1.2495  1.0851  1.2531  1.0886  1.0880  1.2591  1.2196  1.1770  1.1973  1.0719  1.6941  1.3142  1.1808  1.1023  1.2291  1.2109  1.2124  1.1907  1.2968  1.1321  1.2219  1.0254  1.2586  1.1567  1.1821  1.1212  1.1470  1.1256  0.9539  0.9452  0.9422  0.9701  0.9630  0.9807  0.9566  0.9679 
1.1423  1.1901  1.1891  1.0516  1.2968  1.0711  1.2589  1.0818  1.1076  1.2330  1.2167  1.2007  1.1817  1.0835  1.3142  1.6941  1.2210  1.1173  1.2288  1.1683  1.1810  1.1509  1.2805  1.1339  1.2468  1.0212  1.2956  1.1693  1.1807  1.1338  1.1823  1.1394  0.9551  0.9461  0.9418  0.9702  0.9616  0.9801  0.9541  0.9643 
1.1194  1.1276  1.1358  1.0685  1.2015  1.0465  1.1700  1.0842  1.1180  1.2181  1.2417  1.2279  1.2408  1.1403  1.1808  1.2210  1.6984  1.1836  1.1633  1.1582  1.1418  1.1253  1.2002  1.1458  1.2289  1.0390  1.3075  1.2022  1.2551  1.1747  1.2667  1.2055  0.9569  0.9478  0.9434  0.9715  0.9649  0.9809  0.9561  0.9672 
1.0645  1.0781  1.0648  1.0197  1.1014  1.0233  1.1054  1.0304  1.0354  1.1240  1.1661  1.1423  1.2249  1.2587  1.1023  1.1173  1.1836  1.6919  1.0804  1.0905  1.0743  1.0756  1.1036  1.0708  1.1168  1.0096  1.1737  1.1393  1.1893  1.1727  1.2974  1.2836  0.9572  0.9446  0.9393  0.9684  0.9625  0.9775  0.9532  0.9665 
1.1323  1.2083  1.1533  1.0604  1.1854  1.0659  1.1887  1.0906  1.0653  1.1753  1.1668  1.1329  1.1287  1.0685  1.2291  1.2288  1.1633  1.0804  1.6950  1.1479  1.1617  1.1924  1.2217  1.1703  1.2068  1.0299  1.1942  1.1991  1.1703  1.1363  1.1433  1.1000  0.9552  0.9469  0.9407  0.9681  0.9624  0.9768  0.9549  0.9651 
1.1268  1.1391  1.1225  1.0413  1.1337  1.0381  1.1633  1.0712  1.0503  1.1676  1.1594  1.1278  1.1455  1.0560  1.2109  1.1683  1.1582  1.0905  1.1479  1.6852  1.1377  1.1104  1.1916  1.1182  1.1794  1.0228  1.1853  1.1227  1.1544  1.0876  1.1192  1.0983  0.9518  0.9433  0.9372  0.9656  0.9607  0.9735  0.9525  0.9641 
1.1145  1.1168  1.1136  1.0435  1.1475  1.0337  1.1314  1.0663  1.0606  1.1392  1.1560  1.1311  1.1271  1.0486  1.2124  1.1810  1.1418  1.0743  1.1617  1.1377  1.6844  1.1489  1.2858  1.1918  1.2519  1.0203  1.2014  1.1583  1.1335  1.0830  1.1145  1.0805  0.9524  0.9424  0.9375  0.9656  0.9602  0.9754  0.9511  0.9625 
1.1893  1.1953  1.1307  1.0800  1.1260  1.0591  1.1358  1.0887  1.0362  1.1371  1.1491  1.1178  1.1357  1.0523  1.1907  1.1509  1.1253  1.0756  1.1924  1.1104  1.1489  1.6967  1.1491  1.1317  1.1534  1.0501  1.1547  1.1468  1.1394  1.1022  1.1025  1.1008  0.9558  0.9463  0.9423  0.9703  0.9651  0.9776  0.9560  0.9684 
1.1443  1.1624  1.1486  1.0492  1.2072  1.0480  1.1779  1.0675  1.0732  1.2048  1.1707  1.1591  1.1703  1.0681  1.2968  1.2805  1.2002  1.1036  1.2217  1.1916  1.2858  1.1491  1.6951  1.1887  1.3111  1.0330  1.2925  1.1669  1.1745  1.1219  1.1439  1.1289  0.9562  0.9462  0.9429  0.9702  0.9630  0.9804  0.9542  0.9660 
1.1043  1.0994  1.0720  1.0360  1.0948  1.0195  1.0971  1.0437  1.0478  1.1064  1.1094  1.0885  1.0943  1.0616  1.1321  1.1339  1.1458  1.0708  1.1703  1.1182  1.1918  1.1317  1.1887  1.6916  1.2344  1.0571  1.1659  1.1725  1.1360  1.1202  1.1177  1.0886  0.9558  0.9440  0.9389  0.9678  0.9631  0.9768  0.9546  0.9643 
1.1216  1.1302  1.1272  1.0489  1.1831  1.0409  1.1713  1.0564  1.0643  1.1805  1.1816  1.1532  1.1810  1.0862  1.2219  1.2468  1.2289  1.1168  1.2068  1.1794  1.2519  1.1534  1.3111  1.2344  1.6906  1.0426  1.3180  1.2491  1.2286  1.1751  1.1870  1.1244  0.9541  0.9451  0.9394  0.9689  0.9621  0.9783  0.9541  0.9648 
1.0106  1.0167  1.0141  0.9986  1.0142  0.9893  1.0280  1.0049  0.9931  1.0203  1.0269  1.0186  1.0289  1.0034  1.0254  1.0212  1.0390  1.0096  1.0299  1.0228  1.0203  1.0501  1.0330  1.0571  1.0426  1.6757  1.0336  1.0554  1.0368  1.0276  1.0179  1.0102  0.9493  0.9408  0.9341  0.9628  0.9567  0.9706  0.9493  0.9591 
1.1217  1.1653  1.1519  1.0574  1.2152  1.0555  1.2270  1.0701  1.0699  1.2599  1.2617  1.2165  1.2699  1.1514  1.2586  1.2956  1.3075  1.1737  1.1942  1.1853  1.2014  1.1547  1.2925  1.1659  1.3180  1.0336  1.7009  1.2091  1.3116  1.2133  1.2343  1.1909  0.9577  0.9487  0.9437  0.9717  0.9654  0.9811  0.9564  0.9671 
1.1123  1.0956  1.1008  1.0512  1.1493  1.0322  1.1330  1.0487  1.0693  1.1382  1.1382  1.1214  1.1366  1.1212  1.1567  1.1693  1.2022  1.1393  1.1991  1.1227  1.1583  1.1468  1.1669  1.1725  1.2491  1.0554  1.2091  1.6884  1.2540  1.2551  1.2296  1.1267  0.9539  0.9444  0.9389  0.9684  0.9609  0.9770  0.9519  0.9633 
1.1012  1.1182  1.1134  1.0418  1.1450  1.0503  1.1636  1.0473  1.0533  1.1916  1.2125  1.1675  1.2403  1.2027  1.1821  1.1807  1.2551  1.1893  1.1703  1.1544  1.1335  1.1394  1.1745  1.1360  1.2286  1.0368  1.3116  1.2540  1.6932  1.2820  1.2963  1.1766  0.9555  0.9459  0.9406  0.9674  0.9625  0.9801  0.9547  0.9652 
1.0705  1.0760  1.0608  1.0320  1.1068  1.0191  1.1178  1.0308  1.0361  1.1276  1.1507  1.1154  1.1515  1.2298  1.1212  1.1338  1.1747  1.1727  1.1363  1.0876  1.0830  1.1022  1.1219  1.1202  1.1751  1.0276  1.2133  1.2551  1.2820  1.6850  1.2707  1.1511  0.9532  0.9442  0.9392  0.9664  0.9592  0.9761  0.9526  0.9614 
1.1037  1.0970  1.0924  1.0311  1.1512  1.0340  1.1378  1.0398  1.0684  1.1637  1.1866  1.1782  1.2218  1.2669  1.1470  1.1823  1.2667  1.2974  1.1433  1.1192  1.1145  1.1025  1.1439  1.1177  1.1870  1.0179  1.2343  1.2296  1.2963  1.2707  1.6819  1.2433  0.9522  0.9421  0.9355  0.9659  0.9578  0.9744  0.9514  0.9611 
1.0762  1.1108  1.0872  1.0342  1.1260  1.0395  1.1386  1.0527  1.0536  1.1667  1.2334  1.2151  1.2555  1.1603  1.1256  1.1394  1.2055  1.2836  1.1000  1.0983  1.0805  1.1008  1.1289  1.0886  1.1244  1.0102  1.1909  1.1267  1.1766  1.1511  1.2433  1.6876  0.9522  0.9432  0.9384  0.9682  0.9602  0.9764  0.9526  0.9648 
0.9500  0.9542  0.9536  0.9510  0.9537  0.9433  0.9567  0.9533  0.9522  0.9573  0.9584  0.9593  0.9587  0.9490  0.9539  0.9551  0.9569  0.9572  0.9552  0.9518  0.9524  0.9558  0.9562  0.9558  0.9541  0.9493  0.9577  0.9539  0.9555  0.9532  0.9522  0.9522  1.6253  0.9477  0.9357  0.9488  0.9410  0.9542  0.9323  0.9418 
0.9408  0.9452  0.9447  0.9428  0.9446  0.9354  0.9494  0.9445  0.9445  0.9485  0.9504  0.9509  0.9498  0.9377  0.9452  0.9461  0.9478  0.9446  0.9469  0.9433  0.9424  0.9463  0.9462  0.9440  0.9451  0.9408  0.9487  0.9444  0.9459  0.9442  0.9421  0.9432  0.9477  1.5990  0.9730  0.9414  0.9303  0.9474  0.9258  0.9335 
0.9360  0.9400  0.9381  0.9376  0.9404  0.9304  0.9432  0.9388  0.9382  0.9442  0.9440  0.9441  0.9447  0.9325  0.9422  0.9418  0.9434  0.9393  0.9407  0.9372  0.9375  0.9423  0.9429  0.9389  0.9394  0.9341  0.9437  0.9389  0.9406  0.9392  0.9355  0.9384  0.9357  0.9730  1.5836  0.9358  0.9252  0.9378  0.9184  0.9297 
0.9634  0.9692  0.9664  0.9677  0.9691  0.9589  0.9731  0.9677  0.9671  0.9709  0.9723  0.9726  0.9727  0.9615  0.9701  0.9702  0.9715  0.9684  0.9681  0.9656  0.9656  0.9703  0.9702  0.9678  0.9689  0.9628  0.9717  0.9684  0.9674  0.9664  0.9659  0.9682  0.9488  0.9414  0.9358  1.6682  0.9537  0.9670  0.9480  0.9580 
0.9589  0.9631  0.9604  0.9591  0.9620  0.9525  0.9639  0.9622  0.9601  0.9654  0.9661  0.9677  0.9656  0.9541  0.9630  0.9616  0.9649  0.9625  0.9624  0.9607  0.9602  0.9651  0.9630  0.9631  0.9621  0.9567  0.9654  0.9609  0.9625  0.9592  0.9578  0.9602  0.9410  0.9303  0.9252  0.9537  1.6473  0.9593  0.9383  0.9519 
0.9744  0.9779  0.9756  0.9733  0.9788  0.9667  0.9813  0.9746  0.9771  0.9816  0.9815  0.9832  0.9819  0.9686  0.9807  0.9801  0.9809  0.9775  0.9768  0.9735  0.9754  0.9776  0.9804  0.9768  0.9783  0.9706  0.9811  0.9770  0.9801  0.9761  0.9744  0.9764  0.9542  0.9474  0.9378  0.9670  0.9593  1.6869  0.9566  0.9632 
0.9505  0.9551  0.9525  0.9513  0.9545  0.9441  0.9578  0.9527  0.9529  0.9574  0.9573  0.9579  0.9580  0.9471  0.9566  0.9541  0.9561  0.9532  0.9549  0.9525  0.9511  0.9560  0.9542  0.9546  0.9541  0.9493  0.9564  0.9519  0.9547  0.9526  0.9514  0.9526  0.9323  0.9258  0.9184  0.9480  0.9383  0.9566  1.6257  0.9435 
0.9620  0.9663  0.9647  0.9629  0.9662  0.9565  0.9692  0.9641  0.9631  0.9689  0.9697  0.9694  0.9706  0.9569  0.9679  0.9643  0.9672  0.9665  0.9651  0.9641  0.9625  0.9684  0.9660  0.9643  0.9648  0.9591  0.9671  0.9633  0.9652  0.9614  0.9611  0.9648  0.9418  0.9335  0.9297  0.9580  0.9519  0.9632  0.9435  1.6584 
# New slice
1.6730  1.1511  1.0974  1.0220  1.1125  1.0454  1.1037  1.0371  1.0648  1.0898  1.0779  1.0765  1.0730  1.0262  1.1519  1.1200  1.0939  1.0416  1.0826  1.1213  1.0908  1.1381  1.1162  1.1050  1.0935  1.0074  1.1080  1.1018  1.0741  1.0588  1.0765  1.0624  0.9443  0.9420  0.9465  0.9639  0.9574  0.9646  0.9358  0.9584 
1.1511  1.6784  1.1661  1.0314  1.1843  1.0881  1.1724  1.0609  1.0543  1.1681  1.1394  1.1128  1.1163  1.0331  1.2226  1.1660  1.1207  1.0653  1.2118  1.1345  1.1272  1.1825  1.1619  1.1227  1.1164  1.0161  1.1362  1.1177  1.1011  1.0832  1.1122  1.0835  0.9452  0.9439  0.9474  0.9659  0.9594  0.9654  0.9382  0.9593 
1.0974  1.1661  1.6781  1.0288  1.1980  1.2065  1.2684  1.0654  1.0444  1.1925  1.1569  1.1184  1.1238  1.0362  1.1778  1.1598  1.1138  1.0543  1.1328  1.0944  1.0946  1.1168  1.1483  1.0729  1.1052  1.0079  1.1398  1.0917  1.0979  1.0612  1.0927  1.0785  0.9455  0.9451  0.9459  0.9654  0.9590  0.9656  0.9390  0.9578 
1.0220  1.0314  1.0288  1.6851  1.0271  0.9986  1.0403  1.1964  1.0103  1.0653  1.0692  1.0742  1.0538  1.0150  1.0620  1.0604  1.0523  1.0313  1.0595  1.0499  1.0373  1.0734  1.0451  1.0429  1.0436  0.9969  1.0581  1.0456  1.0454  1.0339  1.0445  1.0411  0.9499  0.9465  0.9513  0.9677  0.9619  0.9662  0.9424  0.9616 
