# Array shape: (44, 40, 40)
0.0000  1.3606  1.5102  2.0091  1.8083  1.2910  1.9725  1.9372  1.1775  2.1531  1.8140  1.7170  1.4921  1.5453  1.8954  2.3402  1.7436  1.4622  1.4604  1.4371  1.5631  1.4337  1.5122  1.1541  1.7134  1.5301  2.2330  1.6065  1.5297  1.4195  1.1111  1.4956  1.0081  1.0059  1.0109  1.0051  1.0079  1.0131  1.0061  1.0105 
1.3606  0.0000  1.2461  1.4384  1.3737  1.2742  1.3771  1.5559  1.1305  1.4595  1.2315  1.2683  1.2251  1.2250  1.2927  1.4000  1.3367  1.2268  1.2564  1.1816  1.2590  1.3352  1.3055  1.1084  1.4170  1.2082  1.3125  1.1988  1.2498  1.1615  1.0516  1.2933  1.0097  1.0130  1.0086  1.0066  1.0070  1.0054  1.0103  1.0049 
1.5102  1.2461  0.0000  1.5474  1.4131  1.1201  1.4546  1.4695  1.0819  1.5448  1.5140  1.7381  1.2859  1.2947  1.3194  1.4229  1.3120  1.2896  1.2048  1.1800  1.3321  1.2008  1.2467  1.1081  1.3171  1.1447  1.4173  1.3230  1.1997  1.1687  1.0571  1.1437  1.0068  1.0056  1.0108  1.0092  1.0060  1.0056  1.0068  1.0120 
2.0091  1.4384  1.5474  0.0000  1.8339  1.2535  1.6872  2.0715  1.1147  2.2035  1.6047  1.6705  1.4012  1.4080  1.4734  1.7242  1.5215  1.4370  1.2611  1.3487  1.4916  1.2909  1.3268  1.1761  1.4863  1.3163  1.8238  1.5573  1.3886  1.2747  1.1080  1.3795  1.0117  1.0067  1.0100  1.0080  1.0076  1.0118  1.0069  1.0330 
1.8083  1.3737  1.4131  1.8339  0.0000  1.2928  1.8716  1.6064  1.1372  1.6170  1.7448  1.6179  1.5382  1.5431  1.6095  1.7917  1.7184  1.5303  1.2808  1.3198  1.4509  1.3684  1.3419  1.1233  1.4891  1.4619  1.7648  1.5632  1.4677  1.4507  1.0830  1.4633  1.0096  1.0282  1.0093  1.0050  1.0066  1.0051  1.0074  1.0325 
1.2910  1.2742  1.1201  1.2535  1.2928  0.0000  1.3085  1.2633  1.0745  1.2196  1.2223  1.3099  1.2482  1.2521  1.3090  1.2899  1.2825  1.2259  1.2078  1.2362  1.1943  1.2176  1.2280  1.0550  1.2271  1.2278  1.4237  1.3079  1.2277  1.2151  1.0800  1.3020  1.0101  1.0111  1.0095  1.0140  1.0083  1.0070  1.0126  1.0099 
1.9725  1.3771  1.4546  1.6872  1.8716  1.3085  0.0000  1.7534  1.1423  1.7908  2.1865  1.7062  1.6506  1.6394  2.0733  2.2837  2.1999  1.6938  1.4859  1.2915  1.4055  1.5035  1.4801  1.1517  1.6995  1.7405  1.8162  1.5483  1.7663  1.6394  1.1366  1.6518  1.0309  1.0095  1.0101  1.0292  1.0099  1.0086  1.0056  1.0079 
1.9372  1.5559  1.4695  2.0715  1.6064  1.2633  1.7534  0.0000  1.1995  2.2999  1.4902  1.6804  1.2928  1.3017  1.5496  1.6854  1.4861  1.2947  1.3395  1.2836  1.4488  1.2571  1.3719  1.0911  1.4872  1.3528  1.7099  1.5621  1.3576  1.2824  1.1373  1.3923  1.0114  1.0101  1.0072  1.0309  1.0076  1.0325  1.0285  1.0112 
1.1775  1.1305  1.0819  1.1147  1.1372  1.0745  1.1423  1.1995  0.0000  1.1649  1.1380  1.1127  1.0107  1.0903  1.1424  1.1737  1.1141  1.0628  1.1136  1.1124  1.1402  1.1170  1.0839  1.0308  1.0863  1.1686  1.1814  1.0097  1.1417  1.1145  1.1135  1.1760  1.0113  1.0065  1.0056  1.0063  1.0067  1.0077  1.0086  1.0040 
2.1531  1.4595  1.5448  2.2035  1.6170  1.2196  1.7908  2.2999  1.1649  0.0000  1.5209  1.6556  1.3232  1.3373  1.5813  1.7899  1.4831  1.2690  1.3490  1.3972  1.5312  1.3055  1.3830  1.1490  1.4868  1.3467  1.8330  1.5909  1.3751  1.2673  1.1105  1.3977  1.0093  1.0272  1.0087  1.0078  1.0073  1.0107  1.0051  1.0081 
1.8140  1.2315  1.5140  1.6047  1.7448  1.2223  2.1865  1.4902  1.1380  1.5209  0.0000  1.7731  1.8722  1.9005  1.7723  1.8949  2.1403  1.8893  1.3784  1.2009  1.3324  1.3279  1.4037  1.0909  1.5563  1.6559  1.6434  1.5712  1.7016  1.5420  1.1099  1.6654  1.0282  1.0280  1.0275  1.0072  1.0065  1.0081  1.0077  1.0094 
1.7170  1.2683  1.7381  1.6705  1.6179  1.3099  1.7062  1.6804  1.1127  1.6556  1.7731  0.0000  1.5221  1.5192  1.5426  1.5914  1.5599  1.4519  1.3351  1.2360  1.2814  1.2908  1.3322  1.1441  1.3641  1.3965  1.6543  1.4750  1.4360  1.3152  1.0572  1.3710  1.0077  1.0113  1.0122  1.0093  1.0074  1.0526  1.0034  1.0074 
1.4921  1.2251  1.2859  1.4012  1.5382  1.2482  1.6506  1.2928  1.0107  1.3232  1.8722  1.5221  0.0000  4.1163  1.6881  1.6144  2.0216  3.8707  1.2973  1.2275  1.2909  1.3108  1.3667  1.0887  1.4357  1.7935  1.4714  1.4591  1.7586  1.5483  1.0104  1.9092  1.0049  1.0061  1.0306  1.0072  1.0069  1.0300  1.0080  1.0074 
1.5453  1.2250  1.2947  1.4080  1.5431  1.2521  1.6394  1.3017  1.0903  1.3373  1.9005  1.5192  4.1163  0.0000  1.7168  1.6380  2.0602  4.3496  1.3710  1.2293  1.3163  1.3124  1.3832  1.1149  1.4435  1.8169  1.4781  1.4181  1.7718  1.5874  1.0086  1.9440  1.0080  1.0060  1.0050  1.0063  1.0087  1.0289  1.0066  1.0072 
1.8954  1.2927  1.3194  1.4734  1.6095  1.3090  2.0733  1.5496  1.1424  1.5813  1.7723  1.5426  1.6881  1.7168  0.0000  2.2432  2.2506  1.7273  1.6976  1.3497  1.4429  1.4367  1.8307  1.1378  1.7491  2.1345  1.8185  1.5345  2.2381  1.8652  1.1203  1.8295  1.0051  1.0062  1.0073  1.0064  1.0127  1.0317  1.0083  1.0066 
2.3402  1.4000  1.4229  1.7242  1.7917  1.2899  2.2837  1.6854  1.1737  1.7899  1.8949  1.5914  1.6144  1.6380  2.2432  0.0000  2.0504  1.6459  1.5733  1.4269  1.5650  1.5027  1.6263  1.0738  1.9531  1.8224  2.1469  1.5942  1.8136  1.6116  1.0915  1.7049  1.0299  1.0048  1.0311  1.0088  1.0074  1.0318  1.0058  1.0086 
1.7436  1.3367  1.3120  1.5215  1.7184  1.2825  2.1999  1.4861  1.1141  1.4831  2.1403  1.5599  2.0216  2.0602  2.2506  2.0504  0.0000  2.0561  1.5251  1.2810  1.3624  1.3785  1.5196  1.1670  1.5792  2.0730  1.6705  1.4856  2.0651  1.7570  1.1084  1.9746  1.0059  1.0061  1.0086  1.0314  1.0089  1.0060  1.0103  1.0307 
1.4622  1.2268  1.2896  1.4370  1.5303  1.2259  1.6938  1.2947  1.0628  1.2690  1.8893  1.4519  3.8707  4.3496  1.7273  1.6459  2.0561  0.0000  1.3348  1.2001  1.3183  1.3209  1.3812  1.1136  1.4113  1.8253  1.4665  1.4119  1.7878  1.6132  1.0565  1.9407  1.0068  1.0069  1.0052  1.0108  1.0091  1.0083  1.0087  1.0088 
1.4604  1.2564  1.2048  1.2611  1.2808  1.2078  1.4859  1.3395  1.1136  1.3490  1.3784  1.3351  1.2973  1.3710  1.6976  1.5733  1.5251  1.3348  0.0000  1.2932  1.3248  1.4600  1.7895  1.1651  1.5129  1.7070  1.4124  1.2593  1.7330  1.6684  1.2125  1.5229  1.0110  1.0115  1.0125  1.0328  1.0061  1.0076  1.0105  1.0106 
1.4371  1.1816  1.1800  1.3487  1.3198  1.2362  1.2915  1.2836  1.1124  1.3972  1.2009  1.2360  1.2275  1.2293  1.3497  1.4269  1.2810  1.2001  1.2932  0.0000  1.7193  1.4646  1.4587  1.1764  1.7146  1.2923  1.5813  1.3626  1.2703  1.2114  1.0820  1.3123  1.0035  1.0100  1.0110  1.0051  1.0076  1.0285  1.0113  1.0313 
1.5631  1.2590  1.3321  1.4916  1.4509  1.1943  1.4055  1.4488  1.1402  1.5312  1.3324  1.2814  1.2909  1.3163  1.4429  1.5650  1.3624  1.3183  1.3248  1.7193  0.0000  1.4086  1.4307  1.1058  1.6824  1.3542  1.7477  1.5554  1.3643  1.2930  1.1414  1.4352  1.0273  1.0061  1.0088  1.0074  1.0073  1.0101  1.0051  1.0098 
1.4337  1.3352  1.2008  1.2909  1.3684  1.2176  1.5035  1.2571  1.1170  1.3055  1.3279  1.2908  1.3108  1.3124  1.4367  1.5027  1.3785  1.3209  1.4600  1.4646  1.4086  0.0000  1.6126  1.0989  1.7659  1.3657  1.4921  1.3229  1.4473  1.4092  1.1904  1.3666  1.0124  1.0094  1.0065  1.0284  1.0055  1.0088  1.0096  1.0322 
1.5122  1.3055  1.2467  1.3268  1.3419  1.2280  1.4801  1.3719  1.0839  1.3830  1.4037  1.3322  1.3667  1.3832  1.8307  1.6263  1.5196  1.3812  1.7895  1.4587  1.4307  1.6126  0.0000  1.0957  1.7659  1.6231  1.5368  1.3511  1.6551  1.5364  1.1306  1.5212  1.0059  1.0049  1.0133  1.0045  1.0087  1.0310  1.0059  1.0317 
1.1541  1.1084  1.1081  1.1761  1.1233  1.0550  1.1517  1.0911  1.0308  1.1490  1.0909  1.1441  1.0887  1.1149  1.1378  1.0738  1.1670  1.1136  1.1651  1.1764  1.1058  1.0989  1.0957  0.0000  1.1817  1.1073  1.1011  1.1820  1.0314  1.1596  1.1545  1.2220  1.0073  1.0050  1.0096  1.0048  1.0099  1.0048  1.0090  1.0068 
1.7134  1.4170  1.3171  1.4863  1.4891  1.2271  1.6995  1.4872  1.0863  1.4868  1.5563  1.3641  1.4357  1.4435  1.7491  1.9531  1.5792  1.4113  1.5129  1.7146  1.6824  1.7659  1.7659  1.1817  0.0000  1.5480  1.8610  1.5316  1.5182  1.4231  1.0877  1.5626  1.0125  1.0129  1.0130  1.0073  1.0089  1.0062  1.0060  1.0082 
1.5301  1.2082  1.1447  1.3163  1.4619  1.2278  1.7405  1.3528  1.1686  1.3467  1.6559  1.3965  1.7935  1.8169  2.1345  1.8224  2.0730  1.8253  1.7070  1.2923  1.3542  1.3657  1.6231  1.1073  1.5480  0.0000  1.5469  1.3307  3.9949  2.1586  1.0898  2.2531  1.0078  1.0066  1.0311  1.0083  1.0065  1.0085  1.0095  1.0092 
2.2330  1.3125  1.4173  1.8238  1.7648  1.4237  1.8162  1.7099  1.1814  1.8330  1.6434  1.6543  1.4714  1.4781  1.8185  2.1469  1.6705  1.4665  1.4124  1.5813  1.7477  1.4921  1.5368  1.1011  1.8610  1.5469  0.0000  1.7061  1.5604  1.4133  1.1142  1.5951  1.0078  1.0100  1.0304  1.0074  1.0091  1.0104  1.0050  1.0066 
1.6065  1.1988  1.3230  1.5573  1.5632  1.3079  1.5483  1.5621  1.0097  1.5909  1.5712  1.4750  1.4591  1.4181  1.5345  1.5942  1.4856  1.4119  1.2593  1.3626  1.5554  1.3229  1.3511  1.1820  1.5316  1.3307  1.7061  0.0000  1.3302  1.2556  1.0904  1.4279  1.0022  1.0055  1.0089  1.0152  1.0066  1.0099  1.0096  1.0084 
1.5297  1.2498  1.1997  1.3886  1.4677  1.2277  1.7663  1.3576  1.1417  1.3751  1.7016  1.4360  1.7586  1.7718  2.2381  1.8136  2.0651  1.7878  1.7330  1.2703  1.3643  1.4473  1.6551  1.0314  1.5182  3.9949  1.5604  1.3302  0.0000  2.2346  1.1191  2.1400  1.0093  1.0082  1.0098  1.0083  1.0069  1.0290  1.0301  1.0096 
1.4195  1.1615  1.1687  1.2747  1.4507  1.2151  1.6394  1.2824  1.1145  1.2673  1.5420  1.3152  1.5483  1.5874  1.8652  1.6116  1.7570  1.6132  1.6684  1.2114  1.2930  1.4092  1.5364  1.1596  1.4231  2.1586  1.4133  1.2556  2.2346  0.0000  1.0895  1.8646  1.0079  1.0102  1.0080  1.0078  1.0084  1.0084  1.0078  1.0322 
1.1111  1.0516  1.0571  1.1080  1.0830  1.0800  1.1366  1.1373  1.1135  1.1105  1.1099  1.0572  1.0104  1.0086  1.1203  1.0915  1.1084  1.0565  1.2125  1.0820  1.1414  1.1904  1.1306  1.1545  1.0877  1.0898  1.1142  1.0904  1.1191  1.0895  0.0000  1.0582  1.0311  1.0072  1.0073  1.0122  1.0105  1.0126  1.0083  1.0124 
1.4956  1.2933  1.1437  1.3795  1.4633  1.3020  1.6518  1.3923  1.1760  1.3977  1.6654  1.3710  1.9092  1.9440  1.8295  1.7049  1.9746  1.9407  1.5229  1.3123  1.4352  1.3666  1.5212  1.2220  1.5626  2.2531  1.5951  1.4279  2.1400  1.8646  1.0582  0.0000  1.0071  1.0060  1.0068  1.0055  1.0133  1.0068  1.0088  1.0098 
1.0081  1.0097  1.0068  1.0117  1.0096  1.0101  1.0309  1.0114  1.0113  1.0093  1.0282  1.0077  1.0049  1.0080  1.0051  1.0299  1.0059  1.0068  1.0110  1.0035  1.0273  1.0124  1.0059  1.0073  1.0125  1.0078  1.0078  1.0022  1.0093  1.0079  1.0311  1.0071  0.0000  1.0081  1.0136  1.0082  1.0089  1.0069  1.0056  1.0098 
1.0059  1.0130  1.0056  1.0067  1.0282  1.0111  1.0095  1.0101  1.0065  1.0272  1.0280  1.0113  1.0061  1.0060  1.0062  1.0048  1.0061  1.0069  1.0115  1.0100  1.0061  1.0094  1.0049  1.0050  1.0129  1.0066  1.0100  1.0055  1.0082  1.0102  1.0072  1.0060  1.0081  0.0000  1.0176  1.0076  1.0062  1.0080  1.0097  1.0044 
1.0109  1.0086  1.0108  1.0100  1.0093  1.0095  1.0101  1.0072  1.0056  1.0087  1.0275  1.0122  1.0306  1.0050  1.0073  1.0311  1.0086  1.0052  1.0125  1.0110  1.0088  1.0065  1.0133  1.0096  1.0130  1.0311  1.0304  1.0089  1.0098  1.0080  1.0073  1.0068  1.0136  1.0176  0.0000  1.0114  1.0082  1.0085  1.0093  1.0110 
1.0051  1.0066  1.0092  1.0080  1.0050  1.0140  1.0292  1.0309  1.0063  1.0078  1.0072  1.0093  1.0072  1.0063  1.0064  1.0088  1.0314  1.0108  1.0328  1.0051  1.0074  1.0284  1.0045  1.0048  1.0073  1.0083  1.0074  1.0152  1.0083  1.0078  1.0122  1.0055  1.0082  1.0076  1.0114  0.0000  1.0090  1.0098  1.0130  1.0052 
1.0079  1.0070  1.0060  1.0076  1.0066  1.0083  1.0099  1.0076  1.0067  1.0073  1.0065  1.0074  1.0069  1.0087  1.0127  1.0074  1.0089  1.0091  1.0061  1.0076  1.0073  1.0055  1.0087  1.0099  1.0089  1.0065  1.0091  1.0066  1.0069  1.0084  1.0105  1.0133  1.0089  1.0062  1.0082  1.0090  0.0000  1.0076  1.0118  1.0080 
1.0131  1.0054  1.0056  1.0118  1.0051  1.0070  1.0086  1.0325  1.0077  1.0107  1.0081  1.0526  1.0300  1.0289  1.0317  1.0318  1.0060  1.0083  1.0076  1.0285  1.0101  1.0088  1.0310  1.0048  1.0062  1.0085  1.0104  1.0099  1.0290  1.0084  1.0126  1.0068  1.0069  1.0080  1.0085  1.0098  1.0076  0.0000  1.0067  1.0068 
1.0061  1.0103  1.0068  1.0069  1.0074  1.0126  1.0056  1.0285  1.0086  1.0051  1.0077  1.0034  1.0080  1.0066  1.0083  1.0058  1.0103  1.0087  1.0105  1.0113  1.0051  1.0096  1.0059  1.0090  1.0060  1.0095  1.0050  1.0096  1.0301  1.0078  1.0083  1.0088  1.0056  1.0097  1.0093  1.0130  1.0118  1.0067  0.0000  1.0137 
1.0105  1.0049  1.0120  1.0330  1.0325  1.0099  1.0079  1.0112  1.0040  1.0081  1.0094  1.0074  1.0074  1.0072  1.0066  1.0086  1.0307  1.0088  1.0106  1.0313  1.0098  1.0322  1.0317  1.0068  1.0082  1.0092  1.0066  1.0084  1.0096  1.0322  1.0124  1.0098  1.0098  1.0044  1.0110  1.0052  1.0080  1.0068  1.0137  0.0000 
# New slice
0.0000  1.4464  1.4977  2.0196  1.9065  1.3735  2.1015  1.8820  1.0878  2.1326  1.8103  1.5471  1.6187  1.6521  1.7621  2.2070  1.9398  1.6679  1.4512  1.4496  1.5230  1.4330  1.4618  1.1386  1.6867  1.5993  2.2668  1.6058  1.5528  1.5614  1.0868  1.5194  1.0085  1.0079  1.0352  1.0049  1.0145  1.0092  1.0114  1.0312 
1.4464  0.0000  1.2662  1.5985  1.4370  1.3267  1.4702  1.5591  1.1106  1.6005  1.3130  1.3797  1.2828  1.3066  1.2702  1.4261  1.4033  1.3156  1.1892  1.2364  1.3036  1.1925  1.1778  1.1358  1.3110  1.2980  1.4703  1.4185  1.2853  1.2446  1.2226  1.2461  1.0065  1.0073  1.0280  1.0037  1.0084  1.0315  1.0066  1.0520 
1.4977  1.2662  0.0000  1.3773  1.3206  1.1325  1.6325  1.3976  1.0858  1.4251  1.7018  1.6918  1.3838  1.4270  1.3929  1.5045  1.4201  1.3876  1.2395  1.2756  1.2195  1.3185  1.1703  1.1885  1.3198  1.3098  1.4576  1.3874  1.3709  1.3284  1.1137  1.3101  1.0089  1.0086  1.0052  1.0058  1.0295  1.0116  1.0267  1.0295 
2.0196  1.5985  1.3773  0.0000  1.9488  1.3484  1.7607  1.8743  1.0819  2.5906  1.6588  1.4795  1.5613  1.5756  1.5848  1.7877  1.5914  1.5724  1.3867  1.3651  1.4687  1.3480  1.4936  1.1070  1.5571  1.4915  1.9493  1.5178  1.4828  1.4104  1.1099  1.4393  1.0071  1.0085  1.0271  1.0060  1.0099  1.0056  1.0284  1.0099 
1.9065  1.4370  1.3206  1.9488  0.0000  1.4748  1.6927  1.7204  1.0320  1.9148  1.6149  1.3852  1.5001  1.5438  1.5617  1.6873  1.6363  1.4975  1.4136  1.3525  1.4028  1.3557  1.3511  1.1402  1.5026  1.5008  1.8782  1.4977  1.5046  1.4843  1.1397  1.4945  1.0077  1.0072  1.0078  1.0067  1.0073  1.0089  1.0091  1.0095 
1.3735  1.3267  1.1325  1.3484  1.4748  0.0000  1.2759  1.4285  1.1405  1.3453  1.2577  1.2041  1.1679  1.2532  1.2105  1.2569  1.2761  1.2554  1.1574  1.1943  1.2516  1.0834  1.2021  1.1157  1.1755  1.1873  1.3838  1.3217  1.1576  1.1747  1.1384  1.1688  1.0037  1.0082  1.0102  1.0036  1.0065  1.0097  1.0089  1.0540 
2.1015  1.4702  1.6325  1.7607  1.6927  1.2759  0.0000  1.6197  1.1610  1.7980  2.2891  1.6451  1.7371  1.8246  1.9570  2.2978  2.3591  1.7627  1.4757  1.3962  1.4268  1.5277  1.4902  1.1415  1.6554  1.7469  1.9809  1.5490  1.7462  1.5679  1.1405  1.5926  1.0070  1.0074  1.0047  1.0057  1.0070  1.0060  1.0072  1.0088 
1.8820  1.5591  1.3976  1.8743  1.7204  1.4285  1.6197  0.0000  1.1649  2.0983  1.5256  1.4096  1.3807  1.3871  1.4862  1.6016  1.4933  1.3934  1.3622  1.2782  1.3333  1.3113  1.3153  1.1077  1.3917  1.3428  1.6399  1.4958  1.3636  1.3191  1.0341  1.3008  1.0058  1.0077  1.0490  1.0081  1.0251  1.0067  1.0095  1.0538 
1.0878  1.1106  1.0858  1.0819  1.0320  1.1405  1.1610  1.1649  0.0000  1.1664  1.0291  1.0810  1.0572  1.0811  1.2192  1.1328  1.0811  1.1340  1.2203  1.1678  1.1126  1.0545  1.1878  1.0334  1.0584  1.0815  1.1127  1.1109  1.1613  1.1943  1.1928  1.1359  1.0275  1.0294  1.0749  1.0300  1.0066  1.0074  1.0095  1.0507 
2.1326  1.6005  1.4251  2.5906  1.9148  1.3453  1.7980  2.0983  1.1664  0.0000  1.6175  1.4483  1.5492  1.5166  1.4844  1.8152  1.6407  1.5656  1.3387  1.3865  1.4683  1.3177  1.2584  1.1402  1.5055  1.4753  1.9443  1.5528  1.4269  1.4431  1.1414  1.4067  1.0062  1.0102  1.0267  1.0043  1.0078  1.0073  1.0308  1.0081 
1.8103  1.3130  1.7018  1.6588  1.6149  1.2577  2.2891  1.5256  1.0291  1.6175  0.0000  1.8483  1.9046  1.9431  1.7246  1.8423  2.1211  1.9399  1.4442  1.3253  1.3605  1.3582  1.3971  1.1089  1.5076  1.6023  1.7218  1.4223  1.5822  1.5300  1.1847  1.6290  1.0078  1.0075  1.0045  1.0060  1.0086  1.0068  1.0085  1.0328 
1.5471  1.3797  1.6918  1.4795  1.3852  1.2041  1.6451  1.4096  1.0810  1.4483  1.8483  0.0000  1.4738  1.5191  1.4008  1.4668  1.4482  1.4788  1.2518  1.1674  1.1996  1.2179  1.2709  1.1642  1.2530  1.3280  1.4935  1.3488  1.3640  1.2532  1.1273  1.3667  1.0073  1.0094  1.0081  1.0311  1.0069  1.0091  1.0097  1.0297 
1.6187  1.2828  1.3838  1.5613  1.5001  1.1679  1.7371  1.3807  1.0572  1.5492  1.9046  1.4738  0.0000  4.0386  1.6556  1.6360  1.9918  4.0524  1.4212  1.3550  1.3398  1.2513  1.3714  1.1390  1.4436  1.8454  1.5364  1.4176  1.7560  1.5558  1.0987  2.0049  1.0093  1.0050  1.0268  1.0101  1.0120  1.0112  1.0042  1.0073 
1.6521  1.3066  1.4270  1.5756  1.5438  1.2532  1.8246  1.3871  1.0811  1.5166  1.9431  1.5191  4.0386  0.0000  1.6851  1.6721  2.0933  4.4380  1.4730  1.3654  1.4130  1.2749  1.3861  1.1431  1.4723  1.9024  1.4770  1.4184  1.8084  1.5737  1.1020  2.0078  1.0076  1.0069  1.0073  1.0079  1.0097  1.0094  1.0045  1.0083 
1.7621  1.2702  1.3929  1.5848  1.5617  1.2105  1.9570  1.4862  1.2192  1.4844  1.7246  1.4008  1.6556  1.6851  0.0000  2.2381  2.1237  1.6945  1.7382  1.4949  1.3993  1.6571  1.8249  1.1855  1.9224  2.0409  1.8025  1.4513  2.1224  1.9109  1.0428  1.7953  1.0115  1.0068  1.0035  1.0074  1.0048  1.0078  1.0069  1.0061 
2.2070  1.4261  1.5045  1.7877  1.6873  1.2569  2.2978  1.6016  1.1328  1.8152  1.8423  1.4668  1.6360  1.6721  2.2381  0.0000  2.1241  1.6733  1.5832  1.5201  1.5372  1.6308  1.7331  1.1504  1.9177  1.8139  2.0837  1.6164  1.8335  1.7322  1.1155  1.6649  1.0135  1.0068  1.0101  1.0069  1.0308  1.0093  1.0082  1.0099 
1.9398  1.4033  1.4201  1.5914  1.6363  1.2761  2.3591  1.4933  1.0811  1.6407  2.1211  1.4482  1.9918  2.0933  2.1237  2.1241  0.0000  2.1192  1.6061  1.4210  1.4466  1.4978  1.5021  1.1176  1.7258  2.0286  1.8592  1.5361  1.9993  1.7720  1.1167  1.8437  1.0099  1.0065  1.0083  1.0081  1.0055  1.0121  1.0089  1.0330 
1.6679  1.3156  1.3876  1.5724  1.4975  1.2554  1.7627  1.3934  1.1340  1.5656  1.9399  1.4788  4.0524  4.4380  1.6945  1.6733  2.1192  0.0000  1.4807  1.3731  1.4191  1.2990  1.4548  1.1375  1.4589  1.9160  1.5127  1.4314  1.8201  1.5872  1.1003  2.0120  1.0065  1.0048  1.0287  1.0089  1.0096  1.0088  1.0088  1.0086 
1.4512  1.1892  1.2395  1.3867  1.4136  1.1574  1.4757  1.3622  1.2203  1.3387  1.4442  1.2518  1.4212  1.4730  1.7382  1.5832  1.6061  1.4807  0.0000  1.4086  1.3648  1.3829  1.7797  1.1869  1.5482  1.8194  1.5907  1.3322  1.8547  1.9200  1.0276  1.6519  1.0064  1.0303  1.0076  1.0061  1.0081  1.0135  1.0056  1.0334 
1.4496  1.2364  1.2756  1.3651  1.3525  1.1943  1.3962  1.2782  1.1678  1.3865  1.3253  1.1674  1.3550  1.3654  1.4949  1.5201  1.4210  1.3731  1.4086  0.0000  1.8631  1.6852  1.4714  1.1993  1.7795  1.4064  1.6032  1.3811  1.3780  1.3792  1.0361  1.3788  1.0142  1.0078  1.0084  1.0049  1.0055  1.0276  1.0061  1.0059 
1.5230  1.3036  1.2195  1.4687  1.4028  1.2516  1.4268  1.3333  1.1126  1.4683  1.3605  1.1996  1.3398  1.4130  1.3993  1.5372  1.4466  1.4191  1.3648  1.8631  0.0000  1.4814  1.3601  1.0825  1.5757  1.3198  1.6953  1.5745  1.3516  1.3678  1.1111  1.2665  1.0083  1.0099  1.0282  1.0078  1.0049  1.0074  1.0092  1.0060 
1.4330  1.1925  1.3185  1.3480  1.3557  1.0834  1.5277  1.3113  1.0545  1.3177  1.3582  1.2179  1.2513  1.2749  1.6571  1.6308  1.4978  1.2990  1.3829  1.6852  1.4814  0.0000  1.7133  1.2043  2.1479  1.5019  1.5093  1.2705  1.5076  1.5359  1.0827  1.3967  1.0104  1.0109  1.0075  1.0068  1.0105  1.0081  1.0129  1.0522 
1.4618  1.1778  1.1703  1.4936  1.3511  1.2021  1.4902  1.3153  1.1878  1.2584  1.3971  1.2709  1.3714  1.3861  1.8249  1.7331  1.5021  1.4548  1.7797  1.4714  1.3601  1.7133  0.0000  1.0972  1.7785  1.5693  1.5418  1.4160  1.5963  1.5942  1.1472  1.4231  1.0081  1.0051  1.0106  1.0077  1.0114  1.0064  1.0057  1.0100 
1.1386  1.1358  1.1885  1.1070  1.1402  1.1157  1.1415  1.1077  1.0334  1.1402  1.1089  1.1642  1.1390  1.1431  1.1855  1.1504  1.1176  1.1375  1.1869  1.1993  1.0825  1.2043  1.0972  0.0000  1.1965  1.1582  1.1442  1.1186  1.0816  1.0766  1.1601  1.1534  1.0061  1.0067  1.0096  1.0092  1.0093  1.0083  1.0053  1.0032 
1.6867  1.3110  1.3198  1.5571  1.5026  1.1755  1.6554  1.3917  1.0584  1.5055  1.5076  1.2530  1.4436  1.4723  1.9224  1.9177  1.7258  1.4589  1.5482  1.7795  1.5757  2.1479  1.7785  1.1965  0.0000  1.6704  1.8018  1.4674  1.6816  1.5808  1.1402  1.5413  1.0105  1.0056  1.0050  1.0059  1.0066  1.0060  1.0095  1.0064 
1.5993  1.2980  1.3098  1.4915  1.5008  1.1873  1.7469  1.3428  1.0815  1.4753  1.6023  1.3280  1.8454  1.9024  2.0409  1.8139  2.0286  1.9160  1.8194  1.4064  1.3198  1.5019  1.5693  1.1582  1.6704  0.0000  1.6553  1.3998  4.0592  2.4455  1.0973  2.2379  1.0070  1.0065  1.0301  1.0072  1.0083  1.0106  1.0092  1.0063 
2.2668  1.4703  1.4576  1.9493  1.8782  1.3838  1.9809  1.6399  1.1127  1.9443  1.7218  1.4935  1.5364  1.4770  1.8025  2.0837  1.8592  1.5127  1.5907  1.6032  1.6953  1.5093  1.5418  1.1442  1.8018  1.6553  0.0000  1.6356  1.6484  1.5943  1.0590  1.5939  1.0071  1.0074  1.0064  1.0080  1.0073  1.0083  1.0100  1.0079 
1.6058  1.4185  1.3874  1.5178  1.4977  1.3217  1.5490  1.4958  1.1109  1.5528  1.4223  1.3488  1.4176  1.4184  1.4513  1.6164  1.5361  1.4314  1.3322  1.3811  1.5745  1.2705  1.4160  1.1186  1.4674  1.3998  1.6356  0.0000  1.3922  1.3869  1.1557  1.3463  1.0091  1.0073  1.0272  1.0060  1.0058  1.0065  1.0101  1.0297 
1.5528  1.2853  1.3709  1.4828  1.5046  1.1576  1.7462  1.3636  1.1613  1.4269  1.5822  1.3640  1.7560  1.8084  2.1224  1.8335  1.9993  1.8201  1.8547  1.3780  1.3516  1.5076  1.5963  1.0816  1.6816  4.0592  1.6484  1.3922  0.0000  2.4110  1.0979  2.0980  1.0084  1.0076  1.0073  1.0046  1.0096  1.0092  1.0071  1.0065 
1.5614  1.2446  1.3284  1.4104  1.4843  1.1747  1.5679  1.3191  1.1943  1.4431  1.5300  1.2532  1.5558  1.5737  1.9109  1.7322  1.7720  1.5872  1.9200  1.3792  1.3678  1.5359  1.5942  1.0766  1.5808  2.4455  1.5943  1.3869  2.4110  0.0000  1.0778  1.8446  1.0092  1.0311  1.0089  1.0073  1.0070  1.0036  1.0088  1.0312 
1.0868  1.2226  1.1137  1.1099  1.1397  1.1384  1.1405  1.0341  1.1928  1.1414  1.1847  1.1273  1.0987  1.1020  1.0428  1.1155  1.1167  1.1003  1.0276  1.0361  1.1111  1.0827  1.1472  1.1601  1.1402  1.0973  1.0590  1.1557  1.0979  1.0778  0.0000  1.0719  1.0074  1.0107  1.0128  1.0086  1.0091  1.0079  1.0069  1.0126 
1.5194  1.2461  1.3101  1.4393  1.4945  1.1688  1.5926  1.3008  1.1359  1.4067  1.6290  1.3667  2.0049  2.0078  1.7953  1.6649  1.8437  2.0120  1.6519  1.3788  1.2665  1.3967  1.4231  1.1534  1.5413  2.2379  1.5939  1.3463  2.0980  1.8446  1.0719  0.0000  1.0306  1.0057  1.0274  1.0091  1.0071  1.0307  1.0052  1.0091 
1.0085  1.0065  1.0089  1.0071  1.0077  1.0037  1.0070  1.0058  1.0275  1.0062  1.0078  1.0073  1.0093  1.0076  1.0115  1.0135  1.0099  1.0065  1.0064  1.0142  1.0083  1.0104  1.0081  1.0061  1.0105  1.0070  1.0071  1.0091  1.0084  1.0092  1.0074  1.0306  0.0000  1.0131  1.0047  1.0248  1.0053  1.0060  1.0124  1.0087 
1.0079  1.0073  1.0086  1.0085  1.0072  1.0082  1.0074  1.0077  1.0294  1.0102  1.0075  1.0094  1.0050  1.0069  1.0068  1.0068  1.0065  1.0048  1.0303  1.0078  1.0099  1.0109  1.0051  1.0067  1.0056  1.0065  1.0074  1.0073  1.0076  1.0311  1.0107  1.0057  1.0131  0.0000  1.0163  1.0081  1.0049  1.0155  1.0092  1.0059 
1.0352  1.0280  1.0052  1.0271  1.0078  1.0102  1.0047  1.0490  1.0749  1.0267  1.0045  1.0081  1.0268  1.0073  1.0035  1.0101  1.0083  1.0287  1.0076  1.0084  1.0282  1.0075  1.0106  1.0096  1.0050  1.0301  1.0064  1.0272  1.0073  1.0089  1.0128  1.0274  1.0047  1.0163  0.0000  1.0075  1.0071  1.0088  1.0095  1.0044 
1.0049  1.0037  1.0058  1.0060  1.0067  1.0036  1.0057  1.0081  1.0300  1.0043  1.0060  1.0311  1.0101  1.0079  1.0074  1.0069  1.0081  1.0089  1.0061  1.0049  1.0078  1.0068  1.0077  1.0092  1.0059  1.0072  1.0080  1.0060  1.0046  1.0073  1.0086  1.0091  1.0248  1.0081  1.0075  0.0000  1.0061  1.0044  1.0267  1.0067 
1.0145  1.0084  1.0295  1.0099  1.0073  1.0065  1.0070  1.0251  1.0066  1.0078  1.0086  1.0069  1.0120  1.0097  1.0048  1.0308  1.0055  1.0096  1.0081  1.0055  1.0049  1.0105  1.0114  1.0093  1.0066  1.0083  1.0073  1.0058  1.0096  1.0070  1.0091  1.0071  1.0053  1.0049  1.0071  1.0061  0.0000  1.0095  1.0091  1.0105 
1.0092  1.0315  1.0116  1.0056  1.0089  1.0097  1.0060  1.0067  1.0074  1.0073  1.0068  1.0091  1.0112  1.0094  1.0078  1.0093  1.0121  1.0088  1.0135  1.0276  1.0074  1.0081  1.0064  1.0083  1.0060  1.0106  1.0083  1.0065  1.0092  1.0036  1.0079  1.0307  1.0060  1.0155  1.0088  1.0044  1.0095  0.0000  1.0076  1.0066 
1.0114  1.0066  1.0267  1.0284  1.0091  1.0089  1.0072  1.0095  1.0095  1.0308  1.0085  1.0097  1.0042  1.0045  1.0069  1.0082  1.0089  1.0088  1.0056  1.0061  1.0092  1.0129  1.0057  1.0053  1.0095  1.0092  1.0100  1.0101  1.0071  1.0088  1.0069  1.0052  1.0124  1.0092  1.0095  1.0267  1.0091  1.0076  0.0000  1.0175 
1.0312  1.0520  1.0295  1.0099  1.0095  1.0540  1.0088  1.0538  1.0507  1.0081  1.0328  1.0297  1.0073  1.0083  1.0061  1.0099  1.0330  1.0086  1.0334  1.0059  1.0060  1.0522  1.0100  1.0032  1.0064  1.0063  1.0079  1.0297  1.0065  1.0312  1.0126  1.0091  1.0087  1.0059  1.0044  1.0067  1.0105  1.0066  1.0175  0.0000 
# New slice
0.0000  1.4057  1.7290  1.9855  1.8276  1.3825  2.0377  1.5997  1.1632  2.0930  1.8708  1.6513  1.6450  1.6325  1.7678  2.2522  1.7730  1.6477  1.4080  1.4326  1.5677  1.3815  1.4877  1.1278  1.5947  1.5928  2.0498  1.5983  1.6144  1.4719  1.1444  1.5962  1.0067  1.0059  1.0090  1.0062  1.0119  1.0091  1.0274  1.0313 
1.4057  0.0000  1.3529  1.4813  1.4524  1.2821  1.4849  1.3267  1.1174  1.4679  1.4523  1.4351  1.3771  1.3773  1.3663  1.4179  1.4404  1.3765  1.1705  1.1872  1.2544  1.1648  1.2289  1.0680  1.2959  1.3141  1.4208  1.3501  1.3442  1.2552  1.1802  1.4498  1.0096  1.0109  1.0082  1.0070  1.0073  1.0089  1.0056  1.0326 
1.7290  1.3529  0.0000  1.6092  1.5265  1.1840  1.8344  1.3441  1.1456  1.5982  1.8471  1.9951  1.5720  1.5747  1.5948  1.6767  1.6568  1.5750  1.3376  1.3428  1.3374  1.3588  1.3760  1.0938  1.4505  1.5237  1.6480  1.4220  1.4958  1.4457  1.0911  1.5110  1.0073  1.0050  1.0069  1.0066  1.0081  1.0129  1.0061  1.0144 
1.9855  1.4813  1.6092  0.0000  1.6769  1.4052  1.7354  1.6014  1.2945  2.2156  1.6539  1.6407  1.5104  1.5111  1.5429  1.7195  1.5470  1.5035  1.2866  1.3547  1.3777  1.3346  1.4048  1.1227  1.4410  1.4779  1.7458  1.4191  1.4935  1.3838  1.1981  1.4452  1.0046  1.0079  1.0097  1.0071  1.0061  1.0099  1.0082  1.0090 
1.8276  1.4524  1.5265  1.6769  0.0000  1.3679  1.7406  1.5419  1.1171  1.6707  1.5711  1.5884  1.4582  1.4498  1.5585  1.7062  1.6260  1.4616  1.3608  1.3405  1.4551  1.2611  1.4056  1.1470  1.4778  1.5518  1.7900  1.4823  1.5598  1.4454  1.1675  1.5194  1.0074  1.0084  1.0138  1.0050  1.0062  1.0302  1.0050  1.0087 
1.3825  1.2821  1.1840  1.4052  1.3679  0.0000  1.3407  1.2655  1.1469  1.3445  1.2421  1.2396  1.2607  1.2016  1.2391  1.2268  1.2067  1.2265  1.1895  1.1270  1.2310  1.1130  1.2099  1.1206  1.1512  1.1692  1.3697  1.2941  1.1709  1.2355  1.0640  1.2927  1.0079  1.0060  1.0100  1.0333  1.0046  1.0306  1.0078  1.0125 
2.0377  1.4849  1.8344  1.7354  1.7406  1.3407  0.0000  1.5197  1.1401  1.7942  2.3500  1.8539  1.8617  1.8942  1.9989  2.2012  2.4511  1.8821  1.4472  1.3905  1.4631  1.4216  1.4001  1.1219  1.6599  1.8076  1.8669  1.7025  1.8453  1.6940  1.1733  1.7786  1.0067  1.0047  1.0073  1.0052  1.0148  1.0054  1.0100  1.0369 
1.5997  1.3267  1.3441  1.6014  1.5419  1.2655  1.5197  0.0000  1.2283  1.8542  1.4710  1.4218  1.4397  1.3932  1.3319  1.3724  1.4309  1.4232  1.1643  1.0932  1.3033  1.2429  1.2757  1.1383  1.2549  1.3298  1.3973  1.3979  1.3117  1.2176  1.1656  1.2409  1.0121  1.0283  1.0081  1.0075  1.0078  1.0106  1.0086  1.0111 
1.1632  1.1174  1.1456  1.2945  1.1171  1.1469  1.1401  1.2283  0.0000  1.2408  1.1496  1.1759  1.1136  1.1412  1.0898  1.1186  1.1115  1.1135  1.0967  1.1153  1.1194  1.0570  1.0961  1.1606  1.0343  1.1134  1.1869  1.1112  1.1146  1.0359  1.0812  1.0602  1.0127  1.0123  1.0087  1.0297  1.0069  1.0298  1.0100  1.0100 
2.0930  1.4679  1.5982  2.2156  1.6707  1.3445  1.7942  1.8542  1.2408  0.0000  1.6731  1.5661  1.5431  1.5344  1.5382  1.7677  1.5853  1.5406  1.2919  1.2696  1.4179  1.2717  1.4034  1.0945  1.3866  1.3989  1.6996  1.5541  1.4115  1.4032  1.2262  1.4328  1.0050  1.0090  1.0105  1.0046  1.0047  1.0116  1.0065  1.0285 
1.8708  1.4523  1.8471  1.6539  1.5711  1.2421  2.3500  1.4710  1.1496  1.6731  0.0000  2.0026  2.0726  2.1062  1.8188  1.9416  2.2263  2.1077  1.4159  1.3474  1.4526  1.3649  1.4090  1.1707  1.5313  1.8339  1.7385  1.5261  1.8381  1.6936  1.0921  1.8777  1.0288  1.0089  1.0057  1.0066  1.0100  1.0291  1.0048  1.0113 
1.6513  1.4351  1.9951  1.6407  1.5884  1.2396  1.8539  1.4218  1.1759  1.5661  2.0026  0.0000  1.6649  1.6864  1.6012  1.6545  1.7636  1.6792  1.3573  1.2886  1.3583  1.3430  1.3567  1.1456  1.3637  1.5100  1.5995  1.4769  1.5577  1.4966  1.1418  1.6157  1.0036  1.0065  1.0076  1.0077  1.0089  1.0081  1.0070  1.0349 
1.6450  1.3771  1.5720  1.5104  1.4582  1.2607  1.8617  1.4397  1.1136  1.5431  2.0726  1.6649  0.0000  4.6509  1.6412  1.7116  2.1774  4.7675  1.3471  1.3818  1.4131  1.3370  1.3037  1.0958  1.4765  1.9000  1.6564  1.5499  1.8303  1.5558  1.1401  2.1367  1.0064  1.0280  1.0061  1.0039  1.0118  1.0308  1.0081  1.0079 
1.6325  1.3773  1.5747  1.5111  1.4498  1.2016  1.8942  1.3932  1.1412  1.5344  2.1062  1.6864  4.6509  0.0000  1.6645  1.7213  2.2306  5.2724  1.3560  1.4132  1.4134  1.3444  1.3104  1.0942  1.4862  1.9345  1.6592  1.5408  1.8582  1.5779  1.1660  2.1414  1.0057  1.0087  1.0064  1.0053  1.0132  1.0080  1.0084  1.0097 
1.7678  1.3663  1.5948  1.5429  1.5585  1.2391  1.9989  1.3319  1.0898  1.5382  1.8188  1.6012  1.6412  1.6645  0.0000  2.1172  2.0536  1.7052  1.7170  1.4438  1.4400  1.5008  1.7994  1.1010  1.8569  2.0027  1.7642  1.6586  2.0286  1.8749  1.1164  1.8167  1.0054  1.0088  1.0052  1.0038  1.0144  1.0066  1.0074  1.0600 
2.2522  1.4179  1.6767  1.7195  1.7062  1.2268  2.2012  1.3724  1.1186  1.7677  1.9416  1.6545  1.7116  1.7213  2.1172  0.0000  1.9677  1.7280  1.5358  1.4736  1.5087  1.4887  1.6254  1.1047  1.8379  1.7544  2.0816  1.6967  1.7868  1.6326  1.1974  1.6881  1.0097  1.0067  1.0103  1.0041  1.0095  1.0283  1.0077  1.0119 
1.7730  1.4404  1.6568  1.5470  1.6260  1.2067  2.4511  1.4309  1.1115  1.5853  2.2263  1.7636  2.1774  2.2306  2.0536  1.9677  0.0000  2.2148  1.4958  1.4163  1.4171  1.3929  1.5153  1.1203  1.6166  2.1575  1.8210  1.6355  2.2103  1.8822  1.1142  2.1621  1.0079  1.0048  1.0056  1.0065  1.0157  1.0074  1.0072  1.0075 
1.6477  1.3765  1.5750  1.5035  1.4616  1.2265  1.8821  1.4232  1.1135  1.5406  2.1077  1.6792  4.7675  5.2724  1.7052  1.7280  2.2148  0.0000  1.3520  1.3838  1.4108  1.3384  1.3402  1.0930  1.4517  1.9139  1.6695  1.5468  1.8405  1.6482  1.1397  2.1453  1.0075  1.0062  1.0046  1.0040  1.0118  1.0309  1.0071  1.0075 
1.4080  1.1705  1.3376  1.2866  1.3608  1.1895  1.4472  1.1643  1.0967  1.2919  1.4159  1.3573  1.3471  1.3560  1.7170  1.5358  1.4958  1.3520  0.0000  1.3260  1.2851  1.3250  1.7896  1.1449  1.4393  1.5598  1.5358  1.2978  1.6222  1.7374  1.0885  1.5275  1.0089  1.0093  1.0074  1.0077  1.0122  1.0106  1.0081  1.0334 
1.4326  1.1872  1.3428  1.3547  1.3405  1.1270  1.3905  1.0932  1.1153  1.2696  1.3474  1.2886  1.3818  1.4132  1.4438  1.4736  1.4163  1.3838  1.3260  0.0000  1.7300  1.6613  1.4008  1.2004  1.8421  1.3772  1.6560  1.3854  1.3987  1.3399  1.1651  1.4379  1.0303  1.0095  1.0069  1.0035  1.0058  1.0095  1.0271  1.0514 
1.5677  1.2544  1.3374  1.3777  1.4551  1.2310  1.4631  1.3033  1.1194  1.4179  1.4526  1.3583  1.4131  1.4134  1.4400  1.5087  1.4171  1.4108  1.2851  1.7300  0.0000  1.4842  1.3277  1.1365  1.6039  1.4148  1.7974  1.5429  1.4182  1.3421  1.1645  1.3551  1.0062  1.0052  1.0314  1.0090  1.0092  1.0126  1.0098  1.0312 
1.3815  1.1648  1.3588  1.3346  1.2611  1.1130  1.4216  1.2429  1.0570  1.2717  1.3649  1.3430  1.3370  1.3444  1.5008  1.4887  1.3929  1.3384  1.3250  1.6613  1.4842  0.0000  1.6155  1.1800  1.8396  1.3730  1.4664  1.3419  1.3874  1.3231  1.1328  1.3052  1.0101  1.0067  1.0062  1.0050  1.0105  1.0310  1.0079  1.0117 
1.4877  1.2289  1.3760  1.4048  1.4056  1.2099  1.4001  1.2757  1.0961  1.4034  1.4090  1.3567  1.3037  1.3104  1.7994  1.6254  1.5153  1.3402  1.7896  1.4008  1.3277  1.6155  0.0000  1.1147  1.6958  1.5580  1.5509  1.3655  1.5982  1.5295  1.1632  1.4391  1.0080  1.0057  1.0080  1.0050  1.0094  1.0330  1.0075  1.0414 
1.1278  1.0680  1.0938  1.1227  1.1470  1.1206  1.1219  1.1383  1.1606  1.0945  1.1707  1.1456  1.0958  1.0942  1.1010  1.1047  1.1203  1.0930  1.1449  1.2004  1.1365  1.1800  1.1147  0.0000  1.1456  1.1748  1.1123  1.2036  1.1471  1.1561  1.2535  1.1547  1.0090  1.0079  1.0116  1.0062  1.0047  1.0116  1.0097  1.0091 
1.5947  1.2959  1.4505  1.4410  1.4778  1.1512  1.6599  1.2549  1.0343  1.3866  1.5313  1.3637  1.4765  1.4862  1.8569  1.8379  1.6166  1.4517  1.4393  1.8421  1.6039  1.8396  1.6958  1.1456  0.0000  1.5989  1.7333  1.4976  1.6372  1.5518  1.1677  1.5228  1.0038  1.0068  1.0063  1.0073  1.0092  1.0083  1.0083  1.0326 
1.5928  1.3141  1.5237  1.4779  1.5518  1.1692  1.8076  1.3298  1.1134  1.3989  1.8339  1.5100  1.9000  1.9345  2.0027  1.7544  2.1575  1.9139  1.5598  1.3772  1.4148  1.3730  1.5580  1.1748  1.5989  0.0000  1.6553  1.5115  4.3159  2.2233  1.0613  2.1806  1.0069  1.0045  1.0047  1.0040  1.0148  1.0070  1.0093  1.0290 
2.0498  1.4208  1.6480  1.7458  1.7900  1.3697  1.8669  1.3973  1.1869  1.6996  1.7385  1.5995  1.6564  1.6592  1.7642  2.0816  1.8210  1.6695  1.5358  1.6560  1.7974  1.4664  1.5509  1.1123  1.7333  1.6553  0.0000  1.5481  1.6753  1.5565  1.1976  1.6690  1.0101  1.0083  1.0040  1.0079  1.0084  1.0057  1.0091  1.0089 
1.5983  1.3501  1.4220  1.4191  1.4823  1.2941  1.7025  1.3979  1.1112  1.5541  1.5261  1.4769  1.5499  1.5408  1.6586  1.6967  1.6355  1.5468  1.2978  1.3854  1.5429  1.3419  1.3655  1.2036  1.4976  1.5115  1.5481  0.0000  1.5247  1.4285  1.1398  1.4792  1.0053  1.0056  1.0044  1.0060  1.0064  1.0080  1.0096  1.0315 
1.6144  1.3442  1.4958  1.4935  1.5598  1.1709  1.8453  1.3117  1.1146  1.4115  1.8381  1.5577  1.8303  1.8582  2.0286  1.7868  2.2103  1.8405  1.6222  1.3987  1.4182  1.3874  1.5982  1.1471  1.6372  4.3159  1.6753  1.5247  0.0000  2.3834  1.0874  2.2254  1.0070  1.0267  1.0076  1.0047  1.0111  1.0054  1.0093  1.0080 
1.4719  1.2552  1.4457  1.3838  1.4454  1.2355  1.6940  1.2176  1.0359  1.4032  1.6936  1.4966  1.5558  1.5779  1.8749  1.6326  1.8822  1.6482  1.7374  1.3399  1.3421  1.3231  1.5295  1.1561  1.5518  2.2233  1.5565  1.4285  2.3834  0.0000  1.1684  1.9553  1.0282  1.0289  1.0069  1.0096  1.0305  1.0089  1.0068  1.0299 
1.1444  1.1802  1.0911  1.1981  1.1675  1.0640  1.1733  1.1656  1.0812  1.2262  1.0921  1.1418  1.1401  1.1660  1.1164  1.1974  1.1142  1.1397  1.0885  1.1651  1.1645  1.1328  1.1632  1.2535  1.1677  1.0613  1.1976  1.1398  1.0874  1.1684  0.0000  1.0863  1.0077  1.0069  1.0093  1.0071  1.0081  1.0049  1.0312  1.0074 
1.5962  1.4498  1.5110  1.4452  1.5194  1.2927  1.7786  1.2409  1.0602  1.4328  1.8777  1.6157  2.1367  2.1414  1.8167  1.6881  2.1621  2.1453  1.5275  1.4379  1.3551  1.3052  1.4391  1.1547  1.5228  2.1806  1.6690  1.4792  2.2254  1.9553  1.0863  0.0000  1.0054  1.0333  1.0069  1.0074  1.0143  1.0318  1.0066  1.0064 
1.0067  1.0096  1.0073  1.0046  1.0074  1.0079  1.0067  1.0121  1.0127  1.0050  1.0288  1.0036  1.0064  1.0057  1.0054  1.0097  1.0079  1.0075  1.0089  1.0303  1.0062  1.0101  1.0080  1.0090  1.0038  1.0069  1.0101  1.0053  1.0070  1.0282  1.0077  1.0054  0.0000  1.0168  1.0067  1.0143  1.0074  1.0097  1.0199  1.0051 
1.0059  1.0109  1.0050  1.0079  1.0084  1.0060  1.0047  1.0283  1.0123  1.0090  1.0089  1.0065  1.0280  1.0087  1.0088  1.0067  1.0048  1.0062  1.0093  1.0095  1.0052  1.0067  1.0057  1.0079  1.0068  1.0045  1.0083  1.0056  1.0267  1.0289  1.0069  1.0333  1.0168  0.0000  1.0287  1.0128  1.0115  1.0051  1.0124  1.0050 
1.0090  1.0082  1.0069  1.0097  1.0138  1.0100  1.0073  1.0081  1.0087  1.0105  1.0057  1.0076  1.0061  1.0064  1.0052  1.0103  1.0056  1.0046  1.0074  1.0069  1.0314  1.0062  1.0080  1.0116  1.0063  1.0047  1.0040  1.0044  1.0076  1.0069  1.0093  1.0069  1.0067  1.0287  0.0000  1.0121  1.0139  1.0133  1.0154  1.0030 
1.0062  1.0070  1.0066  1.0071  1.0050  1.0333  1.0052  1.0075  1.0297  1.0046  1.0066  1.0077  1.0039  1.0053  1.0038  1.0041  1.0065  1.0040  1.0077  1.0035  1.0090  1.0050  1.0050  1.0062  1.0073  1.0040  1.0079  1.0060  1.0047  1.0096  1.0071  1.0074  1.0143  1.0128  1.0121  0.0000  1.0077  1.0052  1.0139  1.0107 
1.0119  1.0073  1.0081  1.0061  1.0062  1.0046  1.0148  1.0078  1.0069  1.0047  1.0100  1.0089  1.0118  1.0132  1.0144  1.0095  1.0157  1.0118  1.0122  1.0058  1.0092  1.0105  1.0094  1.0047  1.0092  1.0148  1.0084  1.0064  1.0111  1.0305  1.0081  1.0143  1.0074  1.0115  1.0139  1.0077  0.0000  1.0049  1.0201  1.0068 
1.0091  1.0089  1.0129  1.0099  1.0302  1.0306  1.0054  1.0106  1.0298  1.0116  1.0291  1.0081  1.0308  1.0080  1.0066  1.0283  1.0074  1.0309  1.0106  1.0095  1.0126  1.0310  1.0330  1.0116  1.0083  1.0070  1.0057  1.0080  1.0054  1.0089  1.0049  1.0318  1.0097  1.0051  1.0133  1.0052  1.0049  0.0000  1.0107  1.0096 
1.0274  1.0056  1.0061  1.0082  1.0050  1.0078  1.0100  1.0086  1.0100  1.0065  1.0048  1.0070  1.0081  1.0084  1.0074  1.0077  1.0072  1.0071  1.0081  1.0271  1.0098  1.0079  1.0075  1.0097  1.0083  1.0093  1.0091  1.0096  1.0093  1.0068  1.0312  1.0066  1.0199  1.0124  1.0154  1.0139  1.0201  1.0107  0.0000  1.0099 
1.0313  1.0326  1.0144  1.0090  1.0087  1.0125  1.0369  1.0111  1.0100  1.0285  1.0113  1.0349  1.0079  1.0097  1.0600  1.0119  1.0075  1.0075  1.0334  1.0514  1.0312  1.0117  1.0414  1.0091  1.0326  1.0290  1.0089  1.0315  1.0080  1.0299  1.0074  1.0064  1.0051  1.0050  1.0030  1.0107  1.0068  1.0096  1.0099  0.0000 
# New slice
0.0000  1.3548  1.4377  1.9163  1.7928  1.4177  1.8221  1.6232  1.1185  1.8210  1.6202  1.4591  1.4521  1.4215  1.7542  2.1659  1.6433  1.4648  1.4035  1.5466  1.4789  1.3746  1.3200  1.0599  1.6977  1.3947  1.9915  1.4695  1.4362  1.3029  1.1242  1.4616  1.0038  1.0120  1.0080  1.0053  1.0069  1.0071  1.0083  1.0088 
1.3548  0.0000  1.2480  1.3822  1.2705  1.2674  1.3276  1.2828  1.0522  1.2910  1.3274  1.2812  1.3110  1.2761  1.2686  1.3706  1.3141  1.2781  1.0996  1.2232  1.2139  1.2685  1.1939  1.1374  1.1935  1.2771  1.3214  1.1298  1.2167  1.1872  1.1204  1.2521  1.0126  1.0059  1.0104  1.0118  1.0058  1.0273  1.0049  1.0086 
1.4377  1.2480  0.0000  1.3562  1.3724  1.1224  1.5308  1.3777  1.1114  1.2804  1.6570  1.7037  1.3690  1.3263  1.3205  1.3215  1.3682  1.3277  1.1066  1.2787  1.3548  1.2090  1.2064  1.0882  1.2602  1.2333  1.2461  1.3174  1.2574  1.1530  1.0732  1.1865  1.0088  1.0118  1.0054  1.0039  1.0050  1.0078  1.0077  1.0111 
1.9163  1.3822  1.3562  0.0000  1.7186  1.3047  1.5786  1.5765  1.1143  2.0791  1.4623  1.3563  1.3154  1.3183  1.6003  1.7336  1.4436  1.3170  1.3507  1.4620  1.4163  1.3854  1.2598  1.0891  1.5291  1.2910  1.7333  1.3741  1.3661  1.2525  1.0616  1.3503  1.0113  1.0105  1.0035  1.0081  1.0102  1.0074  1.0101  1.0084 
