# Array shape: (44, 40, 40)
0.0000  3.5354  2.6499  1.8836  2.2290  1.2502  1.8332  1.6752  2.0881  1.9258  1.9045  1.8590  1.6869  1.6425  2.2150  1.7880  1.5889  1.3535  1.9778  1.9907  1.9659  1.5917  1.4272  1.6304  1.6577  1.4579  1.6498  1.4508  1.4522  1.2586  1.2660  1.2151  1.0307  1.0051  1.0060  1.0107  1.0107  1.0042  1.0090  1.0079 
3.5354  0.0000  2.9214  1.9804  2.4298  1.2501  1.8615  1.6856  2.1725  1.9456  1.9649  1.8590  1.7117  1.6693  2.2300  1.8003  1.6130  1.3658  1.9833  1.9929  1.9620  1.5895  1.4368  1.6677  1.6931  1.4613  1.7337  1.4597  1.4587  1.2991  1.2438  1.1627  1.0089  1.0081  1.0076  1.0081  1.0111  1.0048  1.0115  1.0063 
2.6499  2.9214  0.0000  1.8567  2.4494  1.3362  1.8961  1.6846  2.0687  2.0039  1.9134  1.7954  1.6657  1.6755  2.3454  1.8382  1.5620  1.3333  1.9870  1.9853  1.9394  1.5767  1.4604  1.6514  1.6842  1.4414  1.7460  1.4378  1.4360  1.2652  1.2445  1.2545  1.0083  1.0094  1.0087  1.0090  1.0050  1.0297  1.0100  1.0285 
1.8836  1.9804  1.8567  0.0000  1.8342  1.3209  1.7178  1.5243  1.6297  1.7019  1.6893  1.6204  1.6450  1.6222  1.8005  1.5933  1.4581  1.3541  1.7489  1.6477  1.6901  1.4972  1.3936  1.5744  1.5424  1.3293  1.4759  1.3394  1.3738  1.2944  1.2143  1.1433  1.0284  1.0093  1.0063  1.0077  1.0078  1.0065  1.0307  1.0038 
2.2290  2.4298  2.4494  1.8342  0.0000  1.3286  2.0483  1.6860  2.3218  2.0914  1.9992  1.7533  1.7646  1.7269  2.4044  2.0608  1.7298  1.3552  1.9881  1.9992  1.9689  1.5601  1.5200  1.7561  1.8779  1.4593  1.8809  1.4912  1.4843  1.2604  1.3375  1.2098  1.0088  1.0076  1.0053  1.0139  1.0098  1.0076  1.0087  1.0068 
1.2502  1.2501  1.3362  1.3209  1.3286  0.0000  1.3887  1.3392  1.1950  1.3420  1.3048  1.2460  1.2594  1.3016  1.2946  1.3443  1.2578  1.1807  1.2942  1.2350  1.2641  1.2305  1.7225  1.3368  1.2398  1.1302  1.1772  1.1488  1.0875  1.1271  1.1965  1.1648  1.0101  1.0112  1.0511  1.0060  1.0326  1.0329  1.0303  1.0106 
1.8332  1.8615  1.8961  1.7178  2.0483  1.3887  0.0000  1.5853  1.8074  2.2131  1.7263  1.6833  1.5793  1.6061  1.9680  2.0362  1.5911  1.3906  1.7673  1.6601  1.7076  1.4360  1.6252  1.6713  1.6814  1.4255  1.7680  1.4069  1.4918  1.3245  1.3335  1.2482  1.0121  1.0085  1.0099  1.0086  1.0045  1.0092  1.0281  1.0517 
1.6752  1.6856  1.6846  1.5243  1.6860  1.3392  1.5853  0.0000  1.4886  1.7083  1.5472  1.6162  1.4190  1.4200  1.6434  1.5214  1.4541  1.2937  1.6496  1.4906  1.5153  1.5008  1.3366  1.4525  1.4638  1.3329  1.5122  1.3414  1.3667  1.2639  1.3310  1.2001  1.0347  1.0110  1.0100  1.0152  1.0299  1.0097  1.0107  1.0074 
2.0881  2.1725  2.0687  1.6297  2.3218  1.1950  1.8074  1.4886  0.0000  2.0309  2.4674  1.7795  2.0594  1.9254  2.2235  1.8833  2.1076  1.4739  1.8542  1.8997  1.9548  1.4949  1.4208  1.6185  1.9633  1.4372  2.0811  1.5855  1.6218  1.3012  1.4520  1.2143  1.0096  1.0070  1.0093  1.0060  1.0328  1.0052  1.0079  1.0064 
1.9258  1.9456  2.0039  1.7019  2.0914  1.3420  2.2131  1.7083  2.0309  0.0000  1.9806  1.8768  1.7399  1.7812  2.0650  2.0244  1.7311  1.3774  1.8021  1.7894  1.7713  1.4639  1.4633  1.6072  1.6673  1.4129  1.7966  1.4084  1.4065  1.3605  1.3525  1.2529  1.0138  1.0066  1.0064  1.0107  1.0275  1.0297  1.0097  1.0509 
1.9045  1.9649  1.9134  1.6893  1.9992  1.3048  1.7263  1.5472  2.4674  1.9806  0.0000  1.9612  2.1911  2.0487  1.9994  1.7799  2.0777  1.5008  1.7112  1.8037  1.7903  1.4756  1.4190  1.6297  1.7836  1.4413  1.8528  1.5628  1.5728  1.4201  1.4204  1.2169  1.0133  1.0068  1.0302  1.0080  1.0296  1.0047  1.0142  1.0097 
1.8590  1.8590  1.7954  1.6204  1.7533  1.2460  1.6833  1.6162  1.7795  1.8768  1.9612  0.0000  1.7482  1.6813  1.7616  1.6163  1.6207  1.3240  1.7440  1.6720  1.6426  1.4703  1.3313  1.4646  1.5357  1.4424  1.5738  1.3336  1.4154  1.2579  1.3170  1.1758  1.0095  1.0314  1.0058  1.0101  1.0064  1.0059  1.0386  1.0103 
1.6869  1.7117  1.6657  1.6450  1.7646  1.2594  1.5793  1.4190  2.0594  1.7399  2.1911  1.7482  0.0000  3.0826  1.7259  1.6394  2.1949  1.6573  1.5723  1.5786  1.6430  1.3495  1.4165  1.5282  1.6464  1.4280  1.7840  1.6633  1.6656  1.3909  1.5735  1.3155  1.0108  1.0086  1.0292  1.0317  1.0094  1.0071  1.0135  1.0077 
1.6425  1.6693  1.6755  1.6222  1.7269  1.3016  1.6061  1.4200  1.9254  1.7812  2.0487  1.6813  3.0826  0.0000  1.7337  1.6752  2.0904  1.6366  1.4517  1.5905  1.5750  1.2926  1.4333  1.5420  1.5845  1.4046  1.7791  1.5980  1.5968  1.3749  1.5582  1.3040  1.0298  1.0082  1.0068  1.0059  1.0290  1.0296  1.0355  1.0509 
2.2150  2.2300  2.3454  1.8005  2.4044  1.2946  1.9680  1.6434  2.2235  2.0650  1.9994  1.7616  1.7259  1.7337  0.0000  2.1101  1.7149  1.3583  2.0215  1.9999  2.0249  1.6599  1.4902  1.7600  1.8158  1.4047  1.9061  1.4558  1.4869  1.3132  1.3415  1.2686  1.0130  1.0300  1.0312  1.0100  1.0053  1.0073  1.0054  1.0080 
1.7880  1.8003  1.8382  1.5933  2.0608  1.3443  2.0362  1.5214  1.8833  2.0244  1.7799  1.6163  1.6394  1.6752  2.1101  0.0000  1.6980  1.3881  1.7139  1.7269  1.7991  1.4734  1.7183  1.7944  2.0025  1.4900  2.0828  1.4722  1.5301  1.3323  1.4200  1.2325  1.0103  1.0041  1.0068  1.0075  1.0284  1.0105  1.0513  1.0049 
1.5889  1.6130  1.5620  1.4581  1.7298  1.2578  1.5911  1.4541  2.1076  1.7311  2.0777  1.6207  2.1949  2.0904  1.7149  1.6980  0.0000  1.6260  1.6140  1.6798  1.7098  1.3711  1.3215  1.5659  1.9585  1.4957  2.0235  1.8978  1.9681  1.4366  1.6529  1.3049  1.0075  1.0113  1.0294  1.0089  1.0272  1.0067  1.0348  1.0065 
1.3535  1.3658  1.3333  1.3541  1.3552  1.1807  1.3906  1.2937  1.4739  1.3774  1.5008  1.3240  1.6573  1.6366  1.3583  1.3881  1.6260  0.0000  1.2878  1.2873  1.3282  1.2534  1.2182  1.3700  1.3930  1.3379  1.4888  1.5783  1.5572  1.4202  1.8713  1.6722  1.0094  1.0102  1.0079  1.0083  1.0101  1.0126  1.0066  1.0085 
1.9778  1.9833  1.9870  1.7489  1.9881  1.2942  1.7673  1.6496  1.8542  1.8021  1.7112  1.7440  1.5723  1.4517  2.0215  1.7139  1.6140  1.2878  0.0000  1.9660  1.9190  1.7076  1.4748  1.6413  1.7529  1.5142  1.6474  1.4136  1.4525  1.2623  1.2572  1.1254  1.0092  1.0333  1.0548  1.0061  1.0058  1.0275  1.0120  1.0056 
1.9907  1.9929  1.9853  1.6477  1.9992  1.2350  1.6601  1.4906  1.8997  1.7894  1.8037  1.6720  1.5786  1.5905  1.9999  1.7269  1.6798  1.2873  1.9660  0.0000  3.3354  1.6888  1.3736  1.7591  1.8647  1.4222  1.7842  1.4841  1.5065  1.2292  1.3212  1.1672  1.0089  1.0069  1.0098  1.0129  1.0082  1.0064  1.0052  1.0062 
1.9659  1.9620  1.9394  1.6901  1.9689  1.2641  1.7076  1.5153  1.9548  1.7713  1.7903  1.6426  1.6430  1.5750  2.0249  1.7991  1.7098  1.3282  1.9190  3.3354  0.0000  1.6781  1.3503  1.7562  1.8621  1.4135  1.7942  1.4887  1.4766  1.2585  1.3279  1.1422  1.0090  1.0083  1.0095  1.0091  1.0104  1.0063  1.0087  1.0096 
1.5917  1.5895  1.5767  1.4972  1.5601  1.2305  1.4360  1.5008  1.4949  1.4639  1.4756  1.4703  1.3495  1.2926  1.6599  1.4734  1.3711  1.2534  1.7076  1.6888  1.6781  0.0000  1.2602  1.4510  1.4886  1.3697  1.4833  1.3766  1.3316  1.1415  1.2155  1.1351  1.0046  1.0075  1.0075  1.0324  1.0048  1.0271  1.0085  1.0271 
1.4272  1.4368  1.4604  1.3936  1.5200  1.7225  1.6252  1.3366  1.4208  1.4633  1.4190  1.3313  1.4165  1.4333  1.4902  1.7183  1.3215  1.2182  1.4748  1.3736  1.3503  1.2602  0.0000  1.5596  1.5608  1.3806  1.5096  1.3267  1.2907  1.2561  1.2698  1.1534  1.0109  1.0288  1.0085  1.0297  1.0063  1.0095  1.0304  1.0065 
1.6304  1.6677  1.6514  1.5744  1.7561  1.3368  1.6713  1.4525  1.6185  1.6072  1.6297  1.4646  1.5282  1.5420  1.7600  1.7944  1.5659  1.3700  1.6413  1.7591  1.7562  1.4510  1.5596  0.0000  2.1337  1.3945  1.8691  1.6082  1.6130  1.3745  1.3421  1.1829  1.0078  1.0080  1.0294  1.0085  1.0036  1.0328  1.0097  1.0052 
1.6577  1.6931  1.6842  1.5424  1.8779  1.2398  1.6814  1.4638  1.9633  1.6673  1.7836  1.5357  1.6464  1.5845  1.8158  2.0025  1.9585  1.3930  1.7529  1.8647  1.8621  1.4886  1.5608  2.1337  0.0000  1.4509  2.2544  1.8080  1.7945  1.3964  1.4615  1.2292  1.0301  1.0061  1.0094  1.0100  1.0336  1.0284  1.0078  1.0050 
1.4579  1.4613  1.4414  1.3293  1.4593  1.1302  1.4255  1.3329  1.4372  1.4129  1.4413  1.4424  1.4280  1.4046  1.4047  1.4900  1.4957  1.3379  1.5142  1.4222  1.4135  1.3697  1.3806  1.3945  1.4509  0.0000  1.4098  1.5223  1.5210  1.3994  1.3828  1.2105  1.0086  1.0070  1.0066  1.0070  1.0074  1.0063  1.0163  1.0087 
1.6498  1.7337  1.7460  1.4759  1.8809  1.1772  1.7680  1.5122  2.0811  1.7966  1.8528  1.5738  1.7840  1.7791  1.9061  2.0828  2.0235  1.4888  1.6474  1.7842  1.7942  1.4833  1.5096  1.8691  2.2544  1.4098  0.0000  1.7648  1.7466  1.4042  1.5667  1.3491  1.0086  1.0074  1.0057  1.0071  1.0062  1.0076  1.0089  1.0060 
1.4508  1.4597  1.4378  1.3394  1.4912  1.1488  1.4069  1.3414  1.5855  1.4084  1.5628  1.3336  1.6633  1.5980  1.4558  1.4722  1.8978  1.5783  1.4136  1.4841  1.4887  1.3766  1.3267  1.6082  1.8080  1.5223  1.7648  0.0000  3.3863  1.7052  1.8143  1.4372  1.0109  1.0109  1.0294  1.0096  1.0094  1.0083  1.0093  1.0512 
1.4522  1.4587  1.4360  1.3738  1.4843  1.0875  1.4918  1.3667  1.6218  1.4065  1.5728  1.4154  1.6656  1.5968  1.4869  1.5301  1.9681  1.5572  1.4525  1.5065  1.4766  1.3316  1.2907  1.6130  1.7945  1.5210  1.7466  3.3863  0.0000  1.7067  1.8126  1.4340  1.0113  1.0107  1.0072  1.0107  1.0510  1.0287  1.0087  1.0072 
1.2586  1.2991  1.2652  1.2944  1.2604  1.1271  1.3245  1.2639  1.3012  1.3605  1.4201  1.2579  1.3909  1.3749  1.3132  1.3323  1.4366  1.4202  1.2623  1.2292  1.2585  1.1415  1.2561  1.3745  1.3964  1.3994  1.4042  1.7052  1.7067  0.0000  1.8466  1.6045  1.0068  1.0120  1.0068  1.0124  1.0067  1.0270  1.0072  1.0300 
1.2660  1.2438  1.2445  1.2143  1.3375  1.1965  1.3335  1.3310  1.4520  1.3525  1.4204  1.3170  1.5735  1.5582  1.3415  1.4200  1.6529  1.8713  1.2572  1.3212  1.3279  1.2155  1.2698  1.3421  1.4615  1.3828  1.5667  1.8143  1.8126  1.8466  0.0000  1.7932  1.0075  1.0107  1.0098  1.0080  1.0078  1.0109  1.0293  1.0106 
1.2151  1.1627  1.2545  1.1433  1.2098  1.1648  1.2482  1.2001  1.2143  1.2529  1.2169  1.1758  1.3155  1.3040  1.2686  1.2325  1.3049  1.6722  1.1254  1.1672  1.1422  1.1351  1.1534  1.1829  1.2292  1.2105  1.3491  1.4372  1.4340  1.6045  1.7932  0.0000  1.0062  1.0103  1.0076  1.0058  1.0082  1.0087  1.0051  1.0097 
1.0307  1.0089  1.0083  1.0284  1.0088  1.0101  1.0121  1.0347  1.0096  1.0138  1.0133  1.0095  1.0108  1.0298  1.0130  1.0103  1.0075  1.0094  1.0092  1.0089  1.0090  1.0046  1.0109  1.0078  1.0301  1.0086  1.0086  1.0109  1.0113  1.0068  1.0075  1.0062  0.0000  1.0071  1.0058  1.0097  1.0066  1.0127  1.0099  1.0087 
1.0051  1.0081  1.0094  1.0093  1.0076  1.0112  1.0085  1.0110  1.0070  1.0066  1.0068  1.0314  1.0086  1.0082  1.0300  1.0041  1.0113  1.0102  1.0333  1.0069  1.0083  1.0075  1.0288  1.0080  1.0061  1.0070  1.0074  1.0109  1.0107  1.0120  1.0107  1.0103  1.0071  0.0000  1.0157  1.0061  1.0111  1.0062  1.0060  1.0074 
1.0060  1.0076  1.0087  1.0063  1.0053  1.0511  1.0099  1.0100  1.0093  1.0064  1.0302  1.0058  1.0292  1.0068  1.0312  1.0068  1.0294  1.0079  1.0548  1.0098  1.0095  1.0075  1.0085  1.0294  1.0094  1.0066  1.0057  1.0294  1.0072  1.0068  1.0098  1.0076  1.0058  1.0157  0.0000  1.0082  1.0046  1.0092  1.0075  1.0025 
1.0107  1.0081  1.0090  1.0077  1.0139  1.0060  1.0086  1.0152  1.0060  1.0107  1.0080  1.0101  1.0317  1.0059  1.0100  1.0075  1.0089  1.0083  1.0061  1.0129  1.0091  1.0324  1.0297  1.0085  1.0100  1.0070  1.0071  1.0096  1.0107  1.0124  1.0080  1.0058  1.0097  1.0061  1.0082  0.0000  1.0121  1.0074  1.0070  1.0095 
1.0107  1.0111  1.0050  1.0078  1.0098  1.0326  1.0045  1.0299  1.0328  1.0275  1.0296  1.0064  1.0094  1.0290  1.0053  1.0284  1.0272  1.0101  1.0058  1.0082  1.0104  1.0048  1.0063  1.0036  1.0336  1.0074  1.0062  1.0094  1.0510  1.0067  1.0078  1.0082  1.0066  1.0111  1.0046  1.0121  0.0000  1.0109  1.0123  1.0034 
1.0042  1.0048  1.0297  1.0065  1.0076  1.0329  1.0092  1.0097  1.0052  1.0297  1.0047  1.0059  1.0071  1.0296  1.0073  1.0105  1.0067  1.0126  1.0275  1.0064  1.0063  1.0271  1.0095  1.0328  1.0284  1.0063  1.0076  1.0083  1.0287  1.0270  1.0109  1.0087  1.0127  1.0062  1.0092  1.0074  1.0109  0.0000  1.0118  1.0133 
1.0090  1.0115  1.0100  1.0307  1.0087  1.0303  1.0281  1.0107  1.0079  1.0097  1.0142  1.0386  1.0135  1.0355  1.0054  1.0513  1.0348  1.0066  1.0120  1.0052  1.0087  1.0085  1.0304  1.0097  1.0078  1.0163  1.0089  1.0093  1.0087  1.0072  1.0293  1.0051  1.0099  1.0060  1.0075  1.0070  1.0123  1.0118  0.0000  1.0138 
1.0079  1.0063  1.0285  1.0038  1.0068  1.0106  1.0517  1.0074  1.0064  1.0509  1.0097  1.0103  1.0077  1.0509  1.0080  1.0049  1.0065  1.0085  1.0056  1.0062  1.0096  1.0271  1.0065  1.0052  1.0050  1.0087  1.0060  1.0512  1.0072  1.0300  1.0106  1.0097  1.0087  1.0074  1.0025  1.0095  1.0034  1.0133  1.0138  0.0000 
# New slice
0.0000  3.0386  2.2529  1.8410  2.1266  1.2444  1.7521  1.5224  1.7521  1.9768  1.6813  1.7176  1.4405  1.4256  2.0993  1.7720  1.4868  1.3331  2.0206  1.9640  1.9696  1.7021  1.4045  1.6030  1.7068  1.3026  1.5972  1.3454  1.2755  1.3153  1.2703  1.1447  1.0075  1.0081  1.0573  1.0330  1.0322  1.0083  1.0091  1.0090 
3.0386  0.0000  2.3621  1.8384  2.0113  1.2073  1.8028  1.5596  1.8001  1.8859  1.7121  1.7026  1.4730  1.4961  2.2208  1.6822  1.5268  1.3055  2.0202  1.9069  1.9838  1.7198  1.3817  1.5897  1.6795  1.3043  1.5552  1.4258  1.3480  1.2496  1.3064  1.2044  1.0070  1.0136  1.0553  1.0319  1.0125  1.0086  1.0110  1.0088 
2.2529  2.3621  0.0000  1.8644  2.3326  1.2768  1.9323  1.5807  1.8817  2.0403  1.7786  1.7669  1.5533  1.5231  2.2826  1.8323  1.6091  1.3637  2.0635  1.9081  1.9169  1.7155  1.4413  1.6809  1.7552  1.2928  1.7005  1.4606  1.4210  1.2399  1.3305  1.1929  1.0082  1.0324  1.0347  1.0299  1.0325  1.0085  1.0075  1.0547 
1.8410  1.8384  1.8644  0.0000  1.7269  1.1808  1.7183  1.3726  1.5949  1.6384  1.5345  1.4445  1.3164  1.3762  1.7121  1.6959  1.4237  1.2795  1.8174  1.6096  1.6124  1.5848  1.4251  1.4336  1.5072  1.2240  1.5901  1.3265  1.3641  1.1876  1.2620  1.1780  1.0091  1.0083  1.0126  1.0114  1.0075  1.0067  1.0281  1.0080 
2.1266  2.0113  2.3326  1.7269  0.0000  1.2933  1.9812  1.5620  2.1225  2.0225  1.9111  1.7221  1.7293  1.5731  2.3740  2.1305  1.7406  1.4537  2.0456  2.0107  1.9851  1.7103  1.4366  1.8552  1.9325  1.3672  1.8946  1.5114  1.4664  1.1958  1.4027  1.2906  1.0084  1.0316  1.0082  1.0094  1.0127  1.0061  1.0044  1.0083 
1.2444  1.2073  1.2768  1.1808  1.2933  0.0000  1.3279  1.2678  1.1304  1.2487  1.1675  1.2475  1.1401  1.1650  1.2813  1.3025  1.1059  1.2400  1.3022  1.2328  1.2991  1.2407  1.6536  1.1841  1.1316  1.1927  1.2044  1.1167  1.0928  1.2398  1.2193  1.1758  1.0343  1.0310  1.0067  1.0269  1.0048  1.0090  1.0065  1.0129 
1.7521  1.8028  1.9323  1.7183  1.9812  1.3279  0.0000  1.5689  1.8136  2.1301  1.7162  1.6463  1.5314  1.5193  1.8756  2.1259  1.5006  1.3989  1.9163  1.6309  1.7038  1.6241  1.6191  1.6688  1.7484  1.2378  1.8318  1.4132  1.4771  1.1895  1.3422  1.2622  1.0105  1.0300  1.0499  1.0099  1.0355  1.0122  1.0045  1.0549 
1.5224  1.5596  1.5807  1.3726  1.5620  1.2678  1.5689  0.0000  1.5034  1.6437  1.5591  1.4996  1.4070  1.4477  1.5103  1.5804  1.4388  1.2319  1.5753  1.4514  1.4510  1.4248  1.4098  1.3927  1.4632  1.2514  1.5219  1.3808  1.3400  1.1758  1.2185  1.2192  1.0316  1.0053  1.0079  1.0136  1.0140  1.0088  1.0069  1.0777 
1.7521  1.8001  1.8817  1.5949  2.1225  1.1304  1.8136  1.5034  0.0000  1.9461  2.5135  1.7715  1.9571  1.8056  1.9326  2.0505  2.2794  1.4820  1.8266  1.8732  1.8151  1.6032  1.4800  1.7969  2.0796  1.3915  2.1519  1.7471  1.7336  1.2703  1.4902  1.3361  1.0317  1.0147  1.0111  1.0285  1.0335  1.0288  1.0060  1.0304 
1.9768  1.8859  2.0403  1.6384  2.0225  1.2487  2.1301  1.6437  1.9461  0.0000  1.9152  1.7929  1.5941  1.5902  1.8993  1.9334  1.6112  1.3323  1.9451  1.7865  1.6883  1.5548  1.4024  1.6627  1.7241  1.3176  1.8253  1.4339  1.4266  1.2280  1.3652  1.2448  1.0084  1.0083  1.0076  1.0088  1.0352  1.0067  1.0093  1.0594 
1.6813  1.7121  1.7786  1.5345  1.9111  1.1675  1.7162  1.5591  2.5135  1.9152  0.0000  1.8825  2.1492  2.0383  1.8246  1.8849  2.2734  1.5322  1.7061  1.7611  1.7487  1.5304  1.4011  1.7378  1.9656  1.3280  1.9944  1.7435  1.7203  1.2944  1.5382  1.3464  1.0065  1.0068  1.0101  1.0084  1.0101  1.0290  1.0085  1.0084 
1.7176  1.7026  1.7669  1.4445  1.7221  1.2475  1.6463  1.4996  1.7715  1.7929  1.8825  0.0000  1.6390  1.6391  1.6792  1.5238  1.6591  1.2972  1.6845  1.6696  1.6805  1.5540  1.3413  1.5269  1.6153  1.2823  1.5630  1.4649  1.4564  1.2519  1.3844  1.2108  1.0075  1.0103  1.0291  1.0059  1.0077  1.0075  1.0062  1.0350 
1.4405  1.4730  1.5533  1.3164  1.7293  1.1401  1.5314  1.4070  1.9571  1.5941  2.1492  1.6390  0.0000  2.7968  1.6026  1.6367  2.0533  1.6257  1.5263  1.5797  1.5691  1.4314  1.4139  1.5478  1.7512  1.4350  1.8323  1.7340  1.7275  1.4120  1.5807  1.2968  1.0057  1.0115  1.0270  1.0116  1.0109  1.0070  1.0061  1.0126 
1.4256  1.4961  1.5231  1.3762  1.5731  1.1650  1.5193  1.4477  1.8056  1.5902  2.0383  1.6391  2.7968  0.0000  1.5645  1.6518  1.8603  1.5778  1.4233  1.5012  1.5359  1.3667  1.4342  1.4671  1.7139  1.3855  1.7786  1.6884  1.5943  1.3509  1.4684  1.2805  1.0085  1.0088  1.0072  1.0092  1.0136  1.0058  1.0075  1.0313 
2.0993  2.2208  2.2826  1.7121  2.3740  1.2813  1.8756  1.5103  1.9326  1.8993  1.8246  1.6792  1.6026  1.5645  0.0000  1.9890  1.6875  1.3924  1.9952  2.0002  2.0668  1.7873  1.4587  1.8091  1.9673  1.3238  1.8259  1.5103  1.4930  1.2002  1.3293  1.2074  1.0067  1.0065  1.0107  1.0082  1.0311  1.0058  1.0063  1.0095 
1.7720  1.6822  1.8323  1.6959  2.1305  1.3025  2.1259  1.5804  2.0505  1.9334  1.8849  1.5238  1.6367  1.6518  1.9890  0.0000  1.7463  1.4037  1.9317  1.9067  1.8587  1.6029  1.5958  1.8157  2.0216  1.3423  2.2925  1.5851  1.5781  1.2773  1.4578  1.2804  1.0305  1.0294  1.0326  1.0557  1.0098  1.0316  1.0068  1.0117 
1.4868  1.5268  1.6091  1.4237  1.7406  1.1059  1.5006  1.4388  2.2794  1.6112  2.2734  1.6591  2.0533  1.8603  1.6875  1.7463  0.0000  1.6499  1.5730  1.6082  1.6409  1.4083  1.4234  1.6414  2.1147  1.3926  2.2353  2.0930  2.0544  1.4478  1.6876  1.4247  1.0069  1.0047  1.0127  1.0099  1.0109  1.0070  1.0043  1.0298 
1.3331  1.3055  1.3637  1.2795  1.4537  1.2400  1.3989  1.2319  1.4820  1.3323  1.5322  1.2972  1.6257  1.5778  1.3924  1.4037  1.6499  0.0000  1.3744  1.2830  1.3425  1.2530  1.3145  1.3645  1.4231  1.3515  1.5227  1.7836  1.7551  1.7153  2.2451  1.9266  1.0079  1.0273  1.0082  1.0071  1.0296  1.0556  1.0062  1.0300 
2.0206  2.0202  2.0635  1.8174  2.0456  1.3022  1.9163  1.5753  1.8266  1.9451  1.7061  1.6845  1.5263  1.4233  1.9952  1.9317  1.5730  1.3744  0.0000  1.8725  1.9042  1.8744  1.4761  1.7196  1.7702  1.2429  1.6837  1.4598  1.3882  1.2751  1.2569  1.1819  1.0097  1.0077  1.0335  1.0107  1.0107  1.0291  1.0064  1.0576 
1.9640  1.9069  1.9081  1.6096  2.0107  1.2328  1.6309  1.4514  1.8732  1.7865  1.7611  1.6696  1.5797  1.5012  2.0002  1.9067  1.6082  1.2830  1.8725  0.0000  3.3959  1.7506  1.4692  1.8017  1.8254  1.2946  1.7478  1.4140  1.4467  1.2008  1.3168  1.1993  1.0063  1.0083  1.0310  1.0045  1.0136  1.0318  1.0063  1.0100 
1.9696  1.9838  1.9169  1.6124  1.9851  1.2991  1.7038  1.4510  1.8151  1.6883  1.7487  1.6805  1.5691  1.5359  2.0668  1.8587  1.6409  1.3425  1.9042  3.3959  0.0000  1.7601  1.4376  1.8192  1.8061  1.2685  1.7588  1.4803  1.4416  1.2547  1.3131  1.1950  1.0271  1.0088  1.0119  1.0068  1.0133  1.0083  1.0057  1.0303 
1.7021  1.7198  1.7155  1.5848  1.7103  1.2407  1.6241  1.4248  1.6032  1.5548  1.5304  1.5540  1.4314  1.3667  1.7873  1.6029  1.4083  1.2530  1.8744  1.7506  1.7601  0.0000  1.3871  1.6019  1.7300  1.1845  1.5837  1.3706  1.4359  1.1935  1.2936  1.1946  1.0113  1.0094  1.0108  1.0055  1.0100  1.0274  1.0082  1.0096 
1.4045  1.3817  1.4413  1.4251  1.4366  1.6536  1.6191  1.4098  1.4800  1.4024  1.4011  1.3413  1.4139  1.4342  1.4587  1.5958  1.4234  1.3145  1.4761  1.4692  1.4376  1.3871  0.0000  1.4427  1.4151  1.1488  1.4568  1.3730  1.3758  1.2361  1.3692  1.2173  1.0302  1.0077  1.0068  1.0326  1.0079  1.0049  1.0088  1.0089 
1.6030  1.5897  1.6809  1.4336  1.8552  1.1841  1.6688  1.3927  1.7969  1.6627  1.7378  1.5269  1.5478  1.4671  1.8091  1.8157  1.6414  1.3645  1.7196  1.8017  1.8192  1.6019  1.4427  0.0000  2.1347  1.2643  1.8120  1.5750  1.6282  1.3406  1.4685  1.2685  1.0052  1.0316  1.0331  1.0060  1.0126  1.0103  1.0084  1.0318 
1.7068  1.6795  1.7552  1.5072  1.9325  1.1316  1.7484  1.4632  2.0796  1.7241  1.9656  1.6153  1.7512  1.7139  1.9673  2.0216  2.1147  1.4231  1.7702  1.8254  1.8061  1.7300  1.4151  2.1347  0.0000  1.3602  2.3504  1.8521  1.8365  1.3590  1.5431  1.2745  1.0086  1.0099  1.0352  1.0075  1.0100  1.0344  1.0060  1.0531 
1.3026  1.3043  1.2928  1.2240  1.3672  1.1927  1.2378  1.2514  1.3915  1.3176  1.3280  1.2823  1.4350  1.3855  1.3238  1.3423  1.3926  1.3515  1.2429  1.2946  1.2685  1.1845  1.1488  1.2643  1.3602  0.0000  1.3316  1.3303  1.3519  1.3887  1.3959  1.3971  1.0057  1.0106  1.0113  1.0110  1.0085  1.0299  1.0091  1.0078 
1.5972  1.5552  1.7005  1.5901  1.8946  1.2044  1.8318  1.5219  2.1519  1.8253  1.9944  1.5630  1.8323  1.7786  1.8259  2.2925  2.2353  1.5227  1.6837  1.7478  1.7588  1.5837  1.4568  1.8120  2.3504  1.3316  0.0000  1.8930  1.8275  1.3977  1.6072  1.3507  1.0129  1.0284  1.0062  1.0094  1.0138  1.0089  1.0051  1.0103 
1.3454  1.4258  1.4606  1.3265  1.5114  1.1167  1.4132  1.3808  1.7471  1.4339  1.7435  1.4649  1.7340  1.6884  1.5103  1.5851  2.0930  1.7836  1.4598  1.4140  1.4803  1.3706  1.3730  1.5750  1.8521  1.3303  1.8930  0.0000  3.7400  1.7357  1.9814  1.6299  1.0089  1.0077  1.0068  1.0130  1.0133  1.0082  1.0048  1.0282 
1.2755  1.3480  1.4210  1.3641  1.4664  1.0928  1.4771  1.3400  1.7336  1.4266  1.7203  1.4564  1.7275  1.5943  1.4930  1.5781  2.0544  1.7551  1.3882  1.4467  1.4416  1.4359  1.3758  1.6282  1.8365  1.3519  1.8275  3.7400  0.0000  1.7679  1.9835  1.6238  1.0085  1.0119  1.0050  1.0108  1.0148  1.0111  1.0074  1.0062 
1.3153  1.2496  1.2399  1.1876  1.1958  1.2398  1.1895  1.1758  1.2703  1.2280  1.2944  1.2519  1.4120  1.3509  1.2002  1.2773  1.4478  1.7153  1.2751  1.2008  1.2547  1.1935  1.2361  1.3406  1.3590  1.3887  1.3977  1.7357  1.7679  0.0000  2.0282  1.8972  1.0076  1.0069  1.0077  1.0534  1.0149  1.0295  1.0087  1.0081 
1.2703  1.3064  1.3305  1.2620  1.4027  1.2193  1.3422  1.2185  1.4902  1.3652  1.5382  1.3844  1.5807  1.4684  1.3293  1.4578  1.6876  2.2451  1.2569  1.3168  1.3131  1.2936  1.3692  1.4685  1.5431  1.3959  1.6072  1.9814  1.9835  2.0282  0.0000  2.0180  1.0075  1.0066  1.0514  1.0116  1.0129  1.0072  1.0055  1.0284 
1.1447  1.2044  1.1929  1.1780  1.2906  1.1758  1.2622  1.2192  1.3361  1.2448  1.3464  1.2108  1.2968  1.2805  1.2074  1.2804  1.4247  1.9266  1.1819  1.1993  1.1950  1.1946  1.2173  1.2685  1.2745  1.3971  1.3507  1.6299  1.6238  1.8972  2.0180  0.0000  1.0085  1.0061  1.0081  1.0069  1.0131  1.0297  1.0093  1.0109 
1.0075  1.0070  1.0082  1.0091  1.0084  1.0343  1.0105  1.0316  1.0317  1.0084  1.0065  1.0075  1.0057  1.0085  1.0067  1.0305  1.0069  1.0079  1.0097  1.0063  1.0271  1.0113  1.0302  1.0052  1.0086  1.0057  1.0129  1.0089  1.0085  1.0076  1.0075  1.0085  0.0000  1.0068  1.0080  1.0082  1.0053  1.0098  1.0089  1.0105 
1.0081  1.0136  1.0324  1.0083  1.0316  1.0310  1.0300  1.0053  1.0147  1.0083  1.0068  1.0103  1.0115  1.0088  1.0065  1.0294  1.0047  1.0273  1.0077  1.0083  1.0088  1.0094  1.0077  1.0316  1.0099  1.0106  1.0284  1.0077  1.0119  1.0069  1.0066  1.0061  1.0068  0.0000  1.0071  1.0177  1.0081  1.0110  1.0059  1.0070 
1.0573  1.0553  1.0347  1.0126  1.0082  1.0067  1.0499  1.0079  1.0111  1.0076  1.0101  1.0291  1.0270  1.0072  1.0107  1.0326  1.0127  1.0082  1.0335  1.0310  1.0119  1.0108  1.0068  1.0331  1.0352  1.0113  1.0062  1.0068  1.0050  1.0077  1.0514  1.0081  1.0080  1.0071  0.0000  1.0099  1.0079  1.0066  1.0048  1.0110 
1.0330  1.0319  1.0299  1.0114  1.0094  1.0269  1.0099  1.0136  1.0285  1.0088  1.0084  1.0059  1.0116  1.0092  1.0082  1.0557  1.0099  1.0071  1.0107  1.0045  1.0068  1.0055  1.0326  1.0060  1.0075  1.0110  1.0094  1.0130  1.0108  1.0534  1.0116  1.0069  1.0082  1.0177  1.0099  0.0000  1.0193  1.0063  1.0057  1.0051 
1.0322  1.0125  1.0325  1.0075  1.0127  1.0048  1.0355  1.0140  1.0335  1.0352  1.0101  1.0077  1.0109  1.0136  1.0311  1.0098  1.0109  1.0296  1.0107  1.0136  1.0133  1.0100  1.0079  1.0126  1.0100  1.0085  1.0138  1.0133  1.0148  1.0149  1.0129  1.0131  1.0053  1.0081  1.0079  1.0193  0.0000  1.0087  1.0068  1.0070 
1.0083  1.0086  1.0085  1.0067  1.0061  1.0090  1.0122  1.0088  1.0288  1.0067  1.0290  1.0075  1.0070  1.0058  1.0058  1.0316  1.0070  1.0556  1.0291  1.0318  1.0083  1.0274  1.0049  1.0103  1.0344  1.0299  1.0089  1.0082  1.0111  1.0295  1.0072  1.0297  1.0098  1.0110  1.0066  1.0063  1.0087  0.0000  1.0149  1.0074 
1.0091  1.0110  1.0075  1.0281  1.0044  1.0065  1.0045  1.0069  1.0060  1.0093  1.0085  1.0062  1.0061  1.0075  1.0063  1.0068  1.0043  1.0062  1.0064  1.0063  1.0057  1.0082  1.0088  1.0084  1.0060  1.0091  1.0051  1.0048  1.0074  1.0087  1.0055  1.0093  1.0089  1.0059  1.0048  1.0057  1.0068  1.0149  0.0000  1.0115 
1.0090  1.0088  1.0547  1.0080  1.0083  1.0129  1.0549  1.0777  1.0304  1.0594  1.0084  1.0350  1.0126  1.0313  1.0095  1.0117  1.0298  1.0300  1.0576  1.0100  1.0303  1.0096  1.0089  1.0318  1.0531  1.0078  1.0103  1.0282  1.0062  1.0081  1.0284  1.0109  1.0105  1.0070  1.0110  1.0051  1.0070  1.0074  1.0115  0.0000 
# New slice
0.0000  2.7236  2.1774  1.8979  2.1599  1.3135  1.7805  1.6452  1.8166  1.9025  1.6620  1.6863  1.4823  1.4182  2.0483  1.6403  1.4190  1.1640  1.8887  1.8591  1.8505  1.6265  1.2824  1.4032  1.5884  1.3345  1.6704  1.3101  1.3075  1.0955  1.0885  1.0372  1.0098  1.0285  1.0074  1.0106  1.0295  1.0087  1.0067  1.0047 
2.7236  0.0000  2.4019  1.9483  2.1699  1.3388  1.7541  1.5644  1.8071  1.8247  1.6987  1.6839  1.4573  1.4238  1.9987  1.6630  1.4634  1.1652  1.8611  1.8864  1.8080  1.5277  1.3009  1.4614  1.5455  1.3017  1.5837  1.3048  1.2683  1.0898  1.1710  1.0642  1.0276  1.0056  1.0076  1.0506  1.0313  1.0322  1.0079  1.0266 
2.1774  2.4019  0.0000  1.9524  2.2751  1.3290  1.9330  1.5601  1.9464  2.1021  1.7385  1.7558  1.4732  1.4722  2.1137  1.8110  1.4437  1.1746  1.8394  1.8808  1.8882  1.5212  1.2987  1.4086  1.5720  1.3069  1.6694  1.3867  1.3419  1.1846  1.2422  1.0694  1.0084  1.0069  1.0301  1.0080  1.0101  1.0115  1.0294  1.0074 
1.8979  1.9483  1.9524  0.0000  1.8408  1.2179  1.6593  1.5067  1.6256  1.7098  1.5330  1.5803  1.2618  1.2442  1.6896  1.5319  1.4045  1.1739  1.7322  1.6840  1.6527  1.4499  1.2801  1.3435  1.5252  1.2894  1.5472  1.3172  1.3112  1.1103  1.1471  1.0628  1.0082  1.0043  1.0042  1.0093  1.0062  1.0073  1.0082  1.0099 
2.1599  2.1699  2.2751  1.8408  0.0000  1.2454  1.9392  1.5897  2.1333  2.0615  1.8975  1.7376  1.5603  1.5174  2.4724  2.0440  1.5553  1.2234  1.8131  1.7938  1.8448  1.4290  1.3896  1.4821  1.7175  1.3827  1.7806  1.4451  1.3989  1.1779  1.2339  1.1325  1.0064  1.0093  1.0035  1.0050  1.0108  1.0088  1.0096  1.0295 
1.3135  1.3388  1.3290  1.2179  1.2454  0.0000  1.3243  1.2504  1.2215  1.3337  1.1498  1.2117  1.1059  1.0775  1.2947  1.2949  1.1652  1.2303  1.1709  1.2718  1.2087  1.2898  1.6436  1.1444  1.2141  1.2630  1.2119  1.1883  1.1353  1.1459  1.1885  1.1484  1.0067  1.0072  1.0059  1.0064  1.0055  1.0068  1.0099  1.0523 
1.7805  1.7541  1.9330  1.6593  1.9392  1.3243  0.0000  1.6441  1.8044  2.1098  1.6311  1.6487  1.4480  1.3913  1.8009  1.9728  1.5120  1.1692  1.6271  1.6714  1.6248  1.4563  1.5564  1.4749  1.6187  1.2968  1.6345  1.3239  1.3293  1.2265  1.1609  1.1270  1.0092  1.0076  1.0304  1.0100  1.0083  1.0278  1.0093  1.0286 
1.6452  1.5644  1.5601  1.5067  1.5897  1.2504  1.6441  0.0000  1.5294  1.7983  1.5098  1.5086  1.4627  1.4257  1.5099  1.5400  1.4064  1.1761  1.5055  1.5598  1.4592  1.3846  1.1966  1.3725  1.4053  1.3948  1.5201  1.3097  1.2790  1.1713  1.2315  1.1216  1.0094  1.0087  1.0298  1.0086  1.0076  1.0076  1.0083  1.0052 
1.8166  1.8071  1.9464  1.6256  2.1333  1.2215  1.8044  1.5294  0.0000  2.0599  2.3873  1.7849  1.8298  1.7016  2.0539  1.9176  2.1074  1.3100  1.8282  1.9455  1.8912  1.4473  1.4117  1.6047  1.9540  1.4731  2.0697  1.7157  1.6456  1.2285  1.3572  1.2269  1.0087  1.0071  1.0505  1.0082  1.0111  1.0294  1.0095  1.0051 
1.9025  1.8247  2.1021  1.7098  2.0615  1.3337  2.1098  1.7983  2.0599  0.0000  2.0441  1.9334  1.6222  1.5482  1.9668  1.9429  1.4974  1.3046  1.8634  1.7170  1.7145  1.5088  1.3587  1.5196  1.5988  1.3324  1.8066  1.3826  1.3608  1.1814  1.2249  1.1983  1.0082  1.0090  1.0491  1.0079  1.0089  1.0285  1.0319  1.0082 
1.6620  1.6987  1.7385  1.5330  1.8975  1.1498  1.6311  1.5098  2.3873  2.0441  0.0000  1.8774  2.1505  1.9646  1.8151  1.7311  2.0789  1.4291  1.7977  1.8245  1.7622  1.4833  1.2904  1.5367  1.8428  1.3776  1.8936  1.6390  1.6444  1.2644  1.3520  1.2489  1.0127  1.0053  1.0066  1.0053  1.0073  1.0335  1.0090  1.0052 
1.6863  1.6839  1.7558  1.5803  1.7376  1.2117  1.6487  1.5086  1.7849  1.9334  1.8774  0.0000  1.5835  1.5113  1.7650  1.6123  1.6179  1.1891  1.7752  1.7410  1.6843  1.4627  1.2109  1.4056  1.5712  1.3012  1.5591  1.4714  1.4287  1.2020  1.2696  1.1960  1.0059  1.0108  1.0535  1.0068  1.0099  1.0069  1.0321  1.0296 
1.4823  1.4573  1.4732  1.2618  1.5603  1.1059  1.4480  1.4627  1.8298  1.6222  2.1505  1.5835  0.0000  3.2855  1.5507  1.5066  2.0650  1.6207  1.5678  1.5635  1.5948  1.3496  1.2024  1.3291  1.6245  1.2485  1.7209  1.6538  1.6694  1.3480  1.4040  1.2938  1.0106  1.0073  1.0061  1.0121  1.0340  1.0546  1.0324  1.0268 
1.4182  1.4238  1.4722  1.2442  1.5174  1.0775  1.3913  1.4257  1.7016  1.5482  1.9646  1.5113  3.2855  0.0000  1.4665  1.4803  1.9442  1.5430  1.5304  1.4899  1.5206  1.3019  1.2579  1.3065  1.5793  1.2593  1.6559  1.6432  1.6523  1.3925  1.4427  1.2875  1.0116  1.0056  1.0294  1.0339  1.0334  1.0286  1.0076  1.0059 
2.0483  1.9987  2.1137  1.6896  2.4724  1.2947  1.8009  1.5099  2.0539  1.9668  1.8151  1.7650  1.5507  1.4665  0.0000  2.0478  1.5543  1.1587  1.9626  2.0710  2.0611  1.5925  1.3909  1.5792  1.7502  1.3935  1.8025  1.4639  1.4175  1.2036  1.1471  1.0806  1.0059  1.0099  1.0281  1.0090  1.0079  1.0310  1.0093  1.0058 
1.6403  1.6630  1.8110  1.5319  2.0440  1.2949  1.9728  1.5400  1.9176  1.9429  1.7311  1.6123  1.5066  1.4803  2.0478  0.0000  1.5871  1.2671  1.6962  1.6927  1.6625  1.4845  1.5993  1.6967  1.9373  1.2889  2.0203  1.4558  1.4205  1.1783  1.2076  1.1257  1.0084  1.0090  1.0034  1.0065  1.0104  1.0059  1.0084  1.0069 
1.4190  1.4634  1.4437  1.4045  1.5553  1.1652  1.5120  1.4064  2.1074  1.4974  2.0789  1.6179  2.0650  1.9442  1.5543  1.5871  0.0000  1.5596  1.4739  1.5753  1.5780  1.3713  1.2476  1.5568  2.0200  1.4254  2.0381  2.0625  2.0796  1.4694  1.5379  1.3148  1.0126  1.0044  1.0065  1.0091  1.0050  1.0100  1.0321  1.0281 
1.1640  1.1652  1.1746  1.1739  1.2234  1.2303  1.1692  1.1761  1.3100  1.3046  1.4291  1.1891  1.6207  1.5430  1.1587  1.2671  1.5596  0.0000  1.1467  1.1698  1.2312  1.1269  1.1960  1.2287  1.3559  1.2173  1.4105  1.6067  1.6559  1.5796  2.0826  1.7697  1.0077  1.0314  1.0045  1.0066  1.0099  1.0069  1.0074  1.0305 
1.8887  1.8611  1.8394  1.7322  1.8131  1.1709  1.6271  1.5055  1.8282  1.8634  1.7977  1.7752  1.5678  1.5304  1.9626  1.6962  1.4739  1.1467  0.0000  1.8317  1.8250  1.6882  1.3395  1.5043  1.6134  1.3122  1.6818  1.3709  1.3097  1.0977  1.1247  1.1211  1.0077  1.0084  1.0060  1.0062  1.0128  1.0049  1.0329  1.0295 
1.8591  1.8864  1.8808  1.6840  1.7938  1.2718  1.6714  1.5598  1.9455  1.7170  1.8245  1.7410  1.5635  1.4899  2.0710  1.6927  1.5753  1.1698  1.8317  0.0000  3.1914  1.6826  1.2466  1.5556  1.7442  1.3665  1.7271  1.4056  1.3832  1.1435  1.1744  1.1353  1.0064  1.0292  1.0281  1.0122  1.0115  1.0331  1.0088  1.0053 
1.8505  1.8080  1.8882  1.6527  1.8448  1.2087  1.6248  1.4592  1.8912  1.7145  1.7622  1.6843  1.5948  1.5206  2.0611  1.6625  1.5780  1.2312  1.8250  3.1914  0.0000  1.6591  1.2720  1.5458  1.7294  1.3755  1.7064  1.4470  1.4306  1.2303  1.2012  1.1603  1.0074  1.0323  1.0298  1.0113  1.0135  1.0079  1.0067  1.0060 
1.6265  1.5277  1.5212  1.4499  1.4290  1.2898  1.4563  1.3846  1.4473  1.5088  1.4833  1.4627  1.3496  1.3019  1.5925  1.4845  1.3713  1.1269  1.6882  1.6826  1.6591  0.0000  1.2921  1.4348  1.4215  1.2805  1.4587  1.3367  1.3308  1.1195  1.1354  1.1138  1.0056  1.0042  1.0052  1.0068  1.0116  1.0076  1.0049  1.0565 
1.2824  1.3009  1.2987  1.2801  1.3896  1.6436  1.5564  1.1966  1.4117  1.3587  1.2904  1.2109  1.2024  1.2579  1.3909  1.5993  1.2476  1.1960  1.3395  1.2466  1.2720  1.2921  0.0000  1.3025  1.3176  1.2411  1.4474  1.2639  1.2095  1.1352  1.0778  1.1042  1.0060  1.0073  1.0041  1.0075  1.0295  1.0093  1.0111  1.0281 
1.4032  1.4614  1.4086  1.3435  1.4821  1.1444  1.4749  1.3725  1.6047  1.5196  1.5367  1.4056  1.3291  1.3065  1.5792  1.6967  1.5568  1.2287  1.5043  1.5556  1.5458  1.4348  1.3025  0.0000  1.9040  1.2992  1.7137  1.4446  1.4889  1.2225  1.2783  1.1702  1.0262  1.0124  1.0066  1.0085  1.0067  1.0063  1.0145  1.0277 
1.5884  1.5455  1.5720  1.5252  1.7175  1.2141  1.6187  1.4053  1.9540  1.5988  1.8428  1.5712  1.6245  1.5793  1.7502  1.9373  2.0200  1.3559  1.6134  1.7442  1.7294  1.4215  1.3176  1.9040  0.0000  1.3999  2.3732  1.9510  1.9200  1.4257  1.4226  1.2381  1.0128  1.0055  1.0064  1.0072  1.0078  1.0077  1.0328  1.0068 
1.3345  1.3017  1.3069  1.2894  1.3827  1.2630  1.2968  1.3948  1.4731  1.3324  1.3776  1.3012  1.2485  1.2593  1.3935  1.2889  1.4254  1.2173  1.3122  1.3665  1.3755  1.2805  1.2411  1.2992  1.3999  0.0000  1.4305  1.5332  1.4794  1.3253  1.4167  1.3248  1.0064  1.0064  1.0065  1.0067  1.0115  1.0312  1.0084  1.0078 
1.6704  1.5837  1.6694  1.5472  1.7806  1.2119  1.6345  1.5201  2.0697  1.8066  1.8936  1.5591  1.7209  1.6559  1.8025  2.0203  2.0381  1.4105  1.6818  1.7271  1.7064  1.4587  1.4474  1.7137  2.3732  1.4305  0.0000  1.8097  1.8369  1.3998  1.4849  1.2758  1.0132  1.0068  1.0093  1.0052  1.0089  1.0268  1.0107  1.0500 
1.3101  1.3048  1.3867  1.3172  1.4451  1.1883  1.3239  1.3097  1.7157  1.3826  1.6390  1.4714  1.6538  1.6432  1.4639  1.4558  2.0625  1.6067  1.3709  1.4056  1.4470  1.3367  1.2639  1.4446  1.9510  1.5332  1.8097  0.0000  3.3992  1.5910  1.7589  1.3739  1.0144  1.0056  1.0527  1.0078  1.0077  1.0112  1.0122  1.0070 
1.3075  1.2683  1.3419  1.3112  1.3989  1.1353  1.3293  1.2790  1.6456  1.3608  1.6444  1.4287  1.6694  1.6523  1.4175  1.4205  2.0796  1.6559  1.3097  1.3832  1.4306  1.3308  1.2095  1.4889  1.9200  1.4794  1.8369  3.3992  0.0000  1.6730  1.7569  1.3924  1.0130  1.0262  1.0297  1.0079  1.0049  1.0094  1.0093  1.0082 
1.0955  1.0898  1.1846  1.1103  1.1779  1.1459  1.2265  1.1713  1.2285  1.1814  1.2644  1.2020  1.3480  1.3925  1.2036  1.1783  1.4694  1.5796  1.0977  1.1435  1.2303  1.1195  1.1352  1.2225  1.4257  1.3253  1.3998  1.5910  1.6730  0.0000  1.9166  1.7255  1.0086  1.0087  1.0274  1.0080  1.0077  1.0075  1.0116  1.0063 
1.0885  1.1710  1.2422  1.1471  1.2339  1.1885  1.1609  1.2315  1.3572  1.2249  1.3520  1.2696  1.4040  1.4427  1.1471  1.2076  1.5379  2.0826  1.1247  1.1744  1.2012  1.1354  1.0778  1.2783  1.4226  1.4167  1.4849  1.7589  1.7569  1.9166  0.0000  1.9206  1.0315  1.0076  1.0031  1.0316  1.0102  1.0085  1.0278  1.0277 
1.0372  1.0642  1.0694  1.0628  1.1325  1.1484  1.1270  1.1216  1.2269  1.1983  1.2489  1.1960  1.2938  1.2875  1.0806  1.1257  1.3148  1.7697  1.1211  1.1353  1.1603  1.1138  1.1042  1.1702  1.2381  1.3248  1.2758  1.3739  1.3924  1.7255  1.9206  0.0000  1.0106  1.0286  1.0053  1.0083  1.0080  1.0113  1.0080  1.0077 
1.0098  1.0276  1.0084  1.0082  1.0064  1.0067  1.0092  1.0094  1.0087  1.0082  1.0127  1.0059  1.0106  1.0116  1.0059  1.0084  1.0126  1.0077  1.0077  1.0064  1.0074  1.0056  1.0060  1.0262  1.0128  1.0064  1.0132  1.0144  1.0130  1.0086  1.0315  1.0106  0.0000  1.0107  1.0046  1.0074  1.0090  1.0065  1.0079  1.0044 
1.0285  1.0056  1.0069  1.0043  1.0093  1.0072  1.0076  1.0087  1.0071  1.0090  1.0053  1.0108  1.0073  1.0056  1.0099  1.0090  1.0044  1.0314  1.0084  1.0292  1.0323  1.0042  1.0073  1.0124  1.0055  1.0064  1.0068  1.0056  1.0262  1.0087  1.0076  1.0286  1.0107  0.0000  1.0103  1.0242  1.0111  1.0076  1.0096  1.0061 
1.0074  1.0076  1.0301  1.0042  1.0035  1.0059  1.0304  1.0298  1.0505  1.0491  1.0066  1.0535  1.0061  1.0294  1.0281  1.0034  1.0065  1.0045  1.0060  1.0281  1.0298  1.0052  1.0041  1.0066  1.0064  1.0065  1.0093  1.0527  1.0297  1.0274  1.0031  1.0053  1.0046  1.0103  0.0000  1.0094  1.0114  1.0109  1.0036  1.0053 
1.0106  1.0506  1.0080  1.0093  1.0050  1.0064  1.0100  1.0086  1.0082  1.0079  1.0053  1.0068  1.0121  1.0339  1.0090  1.0065  1.0091  1.0066  1.0062  1.0122  1.0113  1.0068  1.0075  1.0085  1.0072  1.0067  1.0052  1.0078  1.0079  1.0080  1.0316  1.0083  1.0074  1.0242  1.0094  0.0000  1.0109  1.0101  1.0088  1.0080 
1.0295  1.0313  1.0101  1.0062  1.0108  1.0055  1.0083  1.0076  1.0111  1.0089  1.0073  1.0099  1.0340  1.0334  1.0079  1.0104  1.0050  1.0099  1.0128  1.0115  1.0135  1.0116  1.0295  1.0067  1.0078  1.0115  1.0089  1.0077  1.0049  1.0077  1.0102  1.0080  1.0090  1.0111  1.0114  1.0109  0.0000  1.0082  1.0096  1.0065 
1.0087  1.0322  1.0115  1.0073  1.0088  1.0068  1.0278  1.0076  1.0294  1.0285  1.0335  1.0069  1.0546  1.0286  1.0310  1.0059  1.0100  1.0069  1.0049  1.0331  1.0079  1.0076  1.0093  1.0063  1.0077  1.0312  1.0268  1.0112  1.0094  1.0075  1.0085  1.0113  1.0065  1.0076  1.0109  1.0101  1.0082  0.0000  1.0132  1.0050 
1.0067  1.0079  1.0294  1.0082  1.0096  1.0099  1.0093  1.0083  1.0095  1.0319  1.0090  1.0321  1.0324  1.0076  1.0093  1.0084  1.0321  1.0074  1.0329  1.0088  1.0067  1.0049  1.0111  1.0145  1.0328  1.0084  1.0107  1.0122  1.0093  1.0116  1.0278  1.0080  1.0079  1.0096  1.0036  1.0088  1.0096  1.0132  0.0000  1.0176 
1.0047  1.0266  1.0074  1.0099  1.0295  1.0523  1.0286  1.0052  1.0051  1.0082  1.0052  1.0296  1.0268  1.0059  1.0058  1.0069  1.0281  1.0305  1.0295  1.0053  1.0060  1.0565  1.0281  1.0277  1.0068  1.0078  1.0500  1.0070  1.0082  1.0063  1.0277  1.0077  1.0044  1.0061  1.0053  1.0080  1.0065  1.0050  1.0176  0.0000 
# New slice
0.0000  3.0525  2.4669  1.9845  2.1246  1.2593  1.8331  1.8403  1.9496  2.0080  1.8535  1.7915  1.5940  1.5320  2.2934  1.7705  1.6559  1.2894  1.8882  2.0545  2.1313  1.5666  1.4244  1.6053  1.8151  1.4271  1.6747  1.6049  1.6227  1.3630  1.4303  1.2017  1.0047  1.0046  1.0148  1.0054  1.0059  1.0797  1.0281  1.0281 
3.0525  0.0000  2.7907  2.1118  2.2306  1.2628  1.8377  1.8263  2.0242  2.0136  1.8940  1.7966  1.6008  1.5788  2.4594  1.7325  1.6691  1.2995  2.0104  2.1009  2.3138  1.6458  1.3150  1.6240  1.8102  1.4663  1.7195  1.6084  1.6223  1.3581  1.3912  1.1768  1.0038  1.0285  1.0343  1.0046  1.0078  1.0537  1.0309  1.0295 
2.4669  2.7907  0.0000  2.0341  2.2852  1.3474  1.8675  1.7266  2.0337  2.0477  1.8908  1.7707  1.6382  1.6210  2.4082  1.8676  1.7385  1.3555  1.9128  1.9822  2.1178  1.6502  1.3700  1.6397  1.8013  1.5512  1.8136  1.5801  1.5953  1.3399  1.3467  1.2519  1.0060  1.0058  1.0328  1.0060  1.0317  1.0546  1.0081  1.0072 
1.9845  2.1118  2.0341  0.0000  1.7890  1.2965  1.6931  1.7390  1.7181  1.8371  1.6616  1.7229  1.4387  1.3544  1.9092  1.5528  1.5023  1.3035  1.7436  1.8900  1.8883  1.5158  1.4853  1.4873  1.5541  1.4052  1.4885  1.3806  1.3875  1.2637  1.3300  1.1847  1.0049  1.0083  1.0136  1.0118  1.0102  1.0068  1.0109  1.0083 
