# Array shape: (43, 40, 40)
0.0000  3.4500  3.2494  1.9478  1.4610  1.9377  1.9292  1.8445  1.5943  1.9414  1.6528  1.5022  1.5399  1.4122  1.3443  1.6265  1.6411  1.4294  1.6859  1.6745  1.6830  1.6796  1.6231  1.7059  1.7308  1.6869  1.6747  1.6944  1.6183  1.5135  1.5767  1.5796  1.0119  1.0067  1.0072  1.0075  1.0089  1.0090  1.0197  1.0173 
3.4500  0.0000  3.5688  2.0340  1.5394  2.0796  2.0947  1.9259  1.6853  2.0725  1.6970  1.5350  1.5859  1.4402  1.3528  1.7285  1.6748  1.5007  1.7781  1.7796  1.7688  1.7576  1.7187  1.8051  1.8093  1.7612  1.7578  1.7660  1.6827  1.5264  1.5711  1.5841  1.0081  1.0063  1.0088  1.0079  1.0054  1.0063  1.0202  1.0205 
3.2494  3.5688  0.0000  1.9960  1.4817  2.0546  2.0555  1.9327  1.6786  2.0268  1.6886  1.5001  1.5729  1.4715  1.3576  1.7146  1.6877  1.4948  1.7987  1.7884  1.7762  1.7717  1.7088  1.8158  1.8286  1.7600  1.7727  1.7835  1.6803  1.5206  1.5672  1.5921  1.0084  1.0089  1.0071  1.0082  1.0068  1.0081  1.0386  1.0139 
1.9478  2.0340  1.9960  0.0000  1.6692  2.7403  2.5746  2.3657  1.8862  2.8213  1.9896  1.7204  1.8226  1.6771  1.3695  1.8934  1.8790  1.7090  1.8391  1.8208  1.8363  1.7711  1.8502  1.8517  1.8635  1.7609  1.9650  1.8610  1.8616  1.6785  1.7791  1.7898  1.0056  1.0046  1.0106  1.0043  1.0093  1.0061  1.0275  1.0127 
1.4610  1.5394  1.4817  1.6692  0.0000  1.7171  1.6732  1.5892  1.8678  1.6658  1.6435  1.5532  1.7931  1.5894  1.2005  1.7684  1.6629  1.6129  1.5527  1.5739  1.6374  1.5377  1.8368  1.5838  1.5558  1.5119  1.6889  1.5972  1.5938  1.5068  1.5261  1.5155  1.0024  1.0283  1.0096  1.0064  1.0089  1.0054  1.0166  1.0343 
1.9377  2.0796  2.0546  2.7403  1.7171  0.0000  3.5937  2.9122  2.0472  3.2078  1.9432  1.7001  1.7955  1.6702  1.3809  1.8515  1.8399  1.7141  1.8461  1.8179  1.8361  1.7972  1.8394  1.8634  1.8544  1.7546  1.9270  1.8371  1.8092  1.5587  1.7195  1.7541  1.0057  1.0074  1.0088  1.0070  1.0064  1.0066  1.0226  1.0113 
1.9292  2.0947  2.0555  2.5746  1.6732  3.5937  0.0000  3.1898  1.9640  3.2275  1.9826  1.7007  1.8199  1.6921  1.3517  1.8912  1.8875  1.7182  1.8809  1.8604  1.8695  1.8170  1.8789  1.8870  1.8825  1.7840  1.9738  1.8763  1.8299  1.5541  1.7376  1.7669  1.0053  1.0079  1.0082  1.0073  1.0085  1.0053  1.0234  1.0121 
1.8445  1.9259  1.9327  2.3657  1.5892  2.9122  3.1898  0.0000  1.8159  2.8061  1.8946  1.6984  1.6998  1.6163  1.3467  1.8017  1.7871  1.6376  1.8343  1.7919  1.8312  1.7747  1.7996  1.8258  1.8235  1.7145  1.8546  1.8292  1.7833  1.5538  1.6639  1.6942  1.0092  1.0085  1.0071  1.0072  1.0067  1.0094  1.0203  1.0321 
1.5943  1.6853  1.6786  1.8862  1.8678  2.0472  1.9640  1.8159  0.0000  1.9601  1.6802  1.5510  1.7450  1.5054  1.2993  1.6471  1.6079  1.5349  1.5831  1.5459  1.5612  1.5364  1.6820  1.5783  1.6008  1.5759  1.7161  1.5786  1.6438  1.4986  1.5373  1.5796  1.0075  1.0069  1.0106  1.0047  1.0091  1.0078  1.0153  1.0087 
1.9414  2.0725  2.0268  2.8213  1.6658  3.2078  3.2275  2.8061  1.9601  0.0000  2.0286  1.7241  1.7966  1.6728  1.3646  1.9129  1.8754  1.7101  1.8628  1.8371  1.8610  1.8113  1.8914  1.8829  1.9004  1.7868  1.9698  1.8858  1.8035  1.5759  1.7633  1.7892  1.0056  1.0075  1.0123  1.0063  1.0077  1.0070  1.0241  1.0137 
1.6528  1.6970  1.6886  1.9896  1.6435  1.9432  1.9826  1.8946  1.6802  2.0286  0.0000  1.9114  2.1893  1.8806  1.3834  1.9608  2.3898  1.9142  1.8621  1.8758  1.8947  1.7971  1.8750  1.8712  1.9180  1.7973  2.1745  1.9237  1.9628  1.5818  1.9653  1.9732  1.0047  1.0070  1.0116  1.0051  1.0101  1.0069  1.0271  1.0150 
1.5022  1.5350  1.5001  1.7204  1.5532  1.7001  1.7007  1.6984  1.5510  1.7241  1.9114  0.0000  1.6722  1.7966  1.2814  1.6313  1.7330  1.8006  1.6348  1.6485  1.6064  1.5685  1.6286  1.6304  1.6372  1.5632  1.6712  1.6178  1.6390  1.5301  1.7217  1.7458  1.0061  1.0070  1.0323  1.0052  1.0122  1.0086  1.0244  1.0179 
1.5399  1.5859  1.5729  1.8226  1.7931  1.7955  1.8199  1.6998  1.7450  1.7966  2.1893  1.6722  0.0000  2.0311  1.3350  1.8081  2.4046  2.0603  1.6391  1.6507  1.6636  1.6408  1.7426  1.6639  1.7278  1.6307  2.0344  1.7364  1.9203  1.6068  2.1640  2.1895  1.0059  1.0059  1.0097  1.0057  1.0051  1.0104  1.0201  1.0102 
1.4122  1.4402  1.4715  1.6771  1.5894  1.6702  1.6921  1.6163  1.5054  1.6728  1.8806  1.7966  2.0311  0.0000  1.2953  1.6425  1.9635  3.8098  1.5882  1.5912  1.5996  1.5710  1.5807  1.5880  1.6043  1.5809  1.7361  1.6125  1.7637  1.5076  2.0935  2.1119  1.0061  1.0099  1.0133  1.0055  1.0081  1.0092  1.0237  1.0094 
1.3443  1.3528  1.3576  1.3695  1.2005  1.3809  1.3517  1.3467  1.2993  1.3646  1.3834  1.2814  1.3350  1.2953  0.0000  1.3203  1.3684  1.3325  1.4275  1.4208  1.4008  1.3987  1.2981  1.3959  1.3826  1.3749  1.3561  1.3993  1.3704  1.3147  1.3323  1.3723  1.0071  1.0072  1.0090  1.0051  1.0072  1.0045  1.0185  1.0143 
1.6265  1.7285  1.7146  1.8934  1.7684  1.8515  1.8912  1.8017  1.6471  1.9129  1.9608  1.6313  1.8081  1.6425  1.3203  0.0000  1.9943  1.6703  2.0051  2.0019  2.0196  1.8676  2.5374  1.9777  2.0106  1.8751  2.3469  2.0029  1.9348  1.6270  1.6587  1.6826  1.0073  1.0039  1.0108  1.0060  1.0066  1.0090  1.0212  1.0116 
1.6411  1.6748  1.6877  1.8790  1.6629  1.8399  1.8875  1.7871  1.6079  1.8754  2.3898  1.7330  2.4046  1.9635  1.3684  1.9943  0.0000  2.0191  1.9484  1.9630  1.9818  1.8262  1.8767  1.9639  1.9606  1.8208  2.4837  1.9629  2.3935  1.6870  2.1327  2.2200  1.0074  1.0065  1.0091  1.0084  1.0058  1.0059  1.0311  1.0105 
1.4294  1.5007  1.4948  1.7090  1.6129  1.7141  1.7182  1.6376  1.5349  1.7101  1.9142  1.8006  2.0603  3.8098  1.3325  1.6703  2.0191  0.0000  1.6004  1.6335  1.6039  1.6156  1.5978  1.5981  1.6290  1.5988  1.7607  1.6210  1.7946  1.5504  2.2528  2.2418  1.0063  1.0092  1.0116  1.0064  1.0070  1.0286  1.0233  1.0103 
1.6859  1.7781  1.7987  1.8391  1.5527  1.8461  1.8809  1.8343  1.5831  1.8628  1.8621  1.6348  1.6391  1.5882  1.4275  2.0051  1.9484  1.6004  0.0000  3.3594  3.3684  2.3737  1.9799  2.9108  2.8833  2.2527  2.1819  2.9612  1.9456  1.6711  1.6297  1.6848  1.0085  1.0051  1.0083  1.0095  1.0083  1.0058  1.0469  1.0125 
1.6745  1.7796  1.7884  1.8208  1.5739  1.8179  1.8604  1.7919  1.5459  1.8371  1.8758  1.6485  1.6507  1.5912  1.4208  2.0019  1.9630  1.6335  3.3594  0.0000  3.6243  2.8646  2.0784  3.4688  3.3149  2.2613  2.2150  3.3288  1.9707  1.6866  1.6569  1.6704  1.0082  1.0048  1.0112  1.0089  1.0112  1.0278  1.0439  1.0145 
1.6830  1.7688  1.7762  1.8363  1.6374  1.8361  1.8695  1.8312  1.5612  1.8610  1.8947  1.6064  1.6636  1.5996  1.4008  2.0196  1.9818  1.6039  3.3684  3.6243  0.0000  2.7896  2.1638  3.6803  3.3448  2.2644  2.2210  3.7171  1.9839  1.6958  1.6786  1.6826  1.0054  1.0060  1.0088  1.0092  1.0089  1.0053  1.0210  1.0157 
1.6796  1.7576  1.7717  1.7711  1.5377  1.7972  1.8170  1.7747  1.5364  1.8113  1.7971  1.5685  1.6408  1.5710  1.3987  1.8676  1.8262  1.6156  2.3737  2.8646  2.7896  0.0000  1.9356  3.3747  3.0766  2.2989  2.0102  2.9803  1.9179  1.6432  1.6226  1.6627  1.0052  1.0084  1.0110  1.0074  1.0097  1.0057  1.0206  1.0167 
1.6231  1.7187  1.7088  1.8502  1.8368  1.8394  1.8789  1.7996  1.6820  1.8914  1.8750  1.6286  1.7426  1.5807  1.2981  2.5374  1.8767  1.5978  1.9799  2.0784  2.1638  1.9356  0.0000  2.1210  2.0631  1.8518  2.3064  2.0928  1.9551  1.6292  1.6724  1.6525  1.0048  1.0055  1.0118  1.0045  1.0093  1.0096  1.0209  1.0147 
1.7059  1.8051  1.8158  1.8517  1.5838  1.8634  1.8870  1.8258  1.5783  1.8829  1.8712  1.6304  1.6639  1.5880  1.3959  1.9777  1.9639  1.5981  2.9108  3.4688  3.6803  3.3747  2.1210  0.0000  3.8465  2.4723  2.2098  3.7546  1.9831  1.7050  1.6665  1.6897  1.0044  1.0060  1.0103  1.0059  1.0077  1.0089  1.0221  1.0165 
1.7308  1.8093  1.8286  1.8635  1.5558  1.8544  1.8825  1.8235  1.6008  1.9004  1.9180  1.6372  1.7278  1.6043  1.3826  2.0106  1.9606  1.6290  2.8833  3.3149  3.3448  3.0766  2.0631  3.8465  0.0000  2.5138  2.2182  3.7446  2.0600  1.7443  1.7126  1.7287  1.0052  1.0069  1.0122  1.0065  1.0100  1.0085  1.0233  1.0159 
1.6869  1.7612  1.7600  1.7609  1.5119  1.7546  1.7840  1.7145  1.5759  1.7868  1.7973  1.5632  1.6307  1.5809  1.3749  1.8751  1.8208  1.5988  2.2527  2.2613  2.2644  2.2989  1.8518  2.4723  2.5138  0.0000  2.0075  2.3006  1.9425  1.7169  1.6457  1.7294  1.0098  1.0094  1.0096  1.0065  1.0079  1.0089  1.0287  1.0114 
1.6747  1.7578  1.7727  1.9650  1.6889  1.9270  1.9738  1.8546  1.7161  1.9698  2.1745  1.6712  2.0344  1.7361  1.3561  2.3469  2.4837  1.7607  2.1819  2.2150  2.2210  2.0102  2.3064  2.2098  2.2182  2.0075  0.0000  2.1984  2.5297  1.7705  1.8319  1.8761  1.0086  1.0053  1.0098  1.0053  1.0087  1.0038  1.0312  1.0112 
1.6944  1.7660  1.7835  1.8610  1.5972  1.8371  1.8763  1.8292  1.5786  1.8858  1.9237  1.6178  1.7364  1.6125  1.3993  2.0029  1.9629  1.6210  2.9612  3.3288  3.7171  2.9803  2.0928  3.7546  3.7446  2.3006  2.1984  0.0000  2.0042  1.7383  1.6997  1.7034  1.0053  1.0048  1.0107  1.0054  1.0099  1.0100  1.0196  1.0390 
1.6183  1.6827  1.6803  1.8616  1.5938  1.8092  1.8299  1.7833  1.6438  1.8035  1.9628  1.6390  1.9203  1.7637  1.3704  1.9348  2.3935  1.7946  1.9456  1.9707  1.9839  1.9179  1.9551  1.9831  2.0600  1.9425  2.5297  2.0042  0.0000  1.9207  2.1154  2.0868  1.0105  1.0057  1.0058  1.0086  1.0051  1.0081  1.0505  1.0172 
1.5135  1.5264  1.5206  1.6785  1.5068  1.5587  1.5541  1.5538  1.4986  1.5759  1.5818  1.5301  1.6068  1.5076  1.3147  1.6270  1.6870  1.5504  1.6711  1.6866  1.6958  1.6432  1.6292  1.7050  1.7443  1.7169  1.7705  1.7383  1.9207  0.0000  1.6603  1.6436  1.0047  1.0068  1.0055  1.0107  1.0088  1.0080  1.0205  1.0113 
1.5767  1.5711  1.5672  1.7791  1.5261  1.7195  1.7376  1.6639  1.5373  1.7633  1.9653  1.7217  2.1640  2.0935  1.3323  1.6587  2.1327  2.2528  1.6297  1.6569  1.6786  1.6226  1.6724  1.6665  1.7126  1.6457  1.8319  1.6997  2.1154  1.6603  0.0000  3.4424  1.0076  1.0039  1.0071  1.0083  1.0089  1.0097  1.0227  1.0160 
1.5796  1.5841  1.5921  1.7898  1.5155  1.7541  1.7669  1.6942  1.5796  1.7892  1.9732  1.7458  2.1895  2.1119  1.3723  1.6826  2.2200  2.2418  1.6848  1.6704  1.6826  1.6627  1.6525  1.6897  1.7287  1.7294  1.8761  1.7034  2.0868  1.6436  3.4424  0.0000  1.0119  1.0077  1.0073  1.0081  1.0081  1.0086  1.0266  1.0346 
1.0119  1.0081  1.0084  1.0056  1.0024  1.0057  1.0053  1.0092  1.0075  1.0056  1.0047  1.0061  1.0059  1.0061  1.0071  1.0073  1.0074  1.0063  1.0085  1.0082  1.0054  1.0052  1.0048  1.0044  1.0052  1.0098  1.0086  1.0053  1.0105  1.0047  1.0076  1.0119  0.0000  1.0497  1.0066  1.0122  1.0128  1.0072  1.0129  1.0085 
1.0067  1.0063  1.0089  1.0046  1.0283  1.0074  1.0079  1.0085  1.0069  1.0075  1.0070  1.0070  1.0059  1.0099  1.0072  1.0039  1.0065  1.0092  1.0051  1.0048  1.0060  1.0084  1.0055  1.0060  1.0069  1.0094  1.0053  1.0048  1.0057  1.0068  1.0039  1.0077  1.0497  0.0000  1.0323  1.0113  1.0093  1.0036  1.0155  1.0060 
1.0072  1.0088  1.0071  1.0106  1.0096  1.0088  1.0082  1.0071  1.0106  1.0123  1.0116  1.0323  1.0097  1.0133  1.0090  1.0108  1.0091  1.0116  1.0083  1.0112  1.0088  1.0110  1.0118  1.0103  1.0122  1.0096  1.0098  1.0107  1.0058  1.0055  1.0071  1.0073  1.0066  1.0323  0.0000  1.0677  1.0122  1.0073  1.0173  1.0065 
1.0075  1.0079  1.0082  1.0043  1.0064  1.0070  1.0073  1.0072  1.0047  1.0063  1.0051  1.0052  1.0057  1.0055  1.0051  1.0060  1.0084  1.0064  1.0095  1.0089  1.0092  1.0074  1.0045  1.0059  1.0065  1.0065  1.0053  1.0054  1.0086  1.0107  1.0083  1.0081  1.0122  1.0113  1.0677  0.0000  1.0250  1.0131  1.0056  1.0090 
1.0089  1.0054  1.0068  1.0093  1.0089  1.0064  1.0085  1.0067  1.0091  1.0077  1.0101  1.0122  1.0051  1.0081  1.0072  1.0066  1.0058  1.0070  1.0083  1.0112  1.0089  1.0097  1.0093  1.0077  1.0100  1.0079  1.0087  1.0099  1.0051  1.0088  1.0089  1.0081  1.0128  1.0093  1.0122  1.0250  0.0000  1.0078  1.0093  1.0051 
1.0090  1.0063  1.0081  1.0061  1.0054  1.0066  1.0053  1.0094  1.0078  1.0070  1.0069  1.0086  1.0104  1.0092  1.0045  1.0090  1.0059  1.0286  1.0058  1.0278  1.0053  1.0057  1.0096  1.0089  1.0085  1.0089  1.0038  1.0100  1.0081  1.0080  1.0097  1.0086  1.0072  1.0036  1.0073  1.0131  1.0078  0.0000  1.0292  1.0095 
1.0197  1.0202  1.0386  1.0275  1.0166  1.0226  1.0234  1.0203  1.0153  1.0241  1.0271  1.0244  1.0201  1.0237  1.0185  1.0212  1.0311  1.0233  1.0469  1.0439  1.0210  1.0206  1.0209  1.0221  1.0233  1.0287  1.0312  1.0196  1.0505  1.0205  1.0227  1.0266  1.0129  1.0155  1.0173  1.0056  1.0093  1.0292  0.0000  1.0059 
1.0173  1.0205  1.0139  1.0127  1.0343  1.0113  1.0121  1.0321  1.0087  1.0137  1.0150  1.0179  1.0102  1.0094  1.0143  1.0116  1.0105  1.0103  1.0125  1.0145  1.0157  1.0167  1.0147  1.0165  1.0159  1.0114  1.0112  1.0390  1.0172  1.0113  1.0160  1.0346  1.0085  1.0060  1.0065  1.0090  1.0051  1.0095  1.0059  0.0000 
# New slice
0.0000  3.4001  3.5111  2.1605  1.5004  2.0700  2.1108  1.9980  1.6404  2.0666  1.7500  1.5336  1.4780  1.4739  1.3456  1.7093  1.6634  1.5174  1.7814  1.7678  1.8272  1.7017  1.6931  1.7262  1.7060  1.7496  1.6718  1.7268  1.7028  1.5944  1.5634  1.5527  1.0044  1.0058  1.0131  1.0061  1.0083  1.0056  1.0172  1.0148 
3.4001  0.0000  3.7966  2.2508  1.5037  2.1390  2.2374  2.0079  1.6976  2.1367  1.7577  1.5743  1.5224  1.4712  1.3480  1.7238  1.6685  1.5155  1.8470  1.7918  1.8547  1.7741  1.7189  1.7931  1.7743  1.7802  1.7198  1.8009  1.7011  1.6034  1.5623  1.5607  1.0056  1.0296  1.0102  1.0085  1.0299  1.0086  1.0165  1.0183 
3.5111  3.7966  0.0000  2.4854  1.5319  2.2789  2.3928  2.1177  1.7125  2.2745  1.8140  1.5647  1.5290  1.5055  1.3560  1.7670  1.7159  1.5504  1.8739  1.8343  1.9023  1.7522  1.7585  1.8260  1.7850  1.8274  1.7323  1.8527  1.7669  1.6571  1.6028  1.5975  1.0048  1.0111  1.0122  1.0070  1.0102  1.0108  1.0149  1.0155 
2.1605  2.2508  2.4854  0.0000  1.6274  3.1007  3.1060  2.5177  1.8968  3.0152  2.1165  1.7198  1.7912  1.6337  1.3600  1.9756  1.9778  1.6967  1.9529  1.9189  1.9876  1.8459  1.9458  1.9000  1.9365  1.8821  1.9677  1.9315  2.0152  1.8398  1.7999  1.7534  1.0049  1.0110  1.0081  1.0066  1.0103  1.0109  1.0162  1.0227 
1.5004  1.5037  1.5319  1.6274  0.0000  1.6542  1.6560  1.6178  1.8860  1.6584  1.6576  1.5181  1.8095  1.5269  1.2808  2.0104  1.7205  1.5564  1.6329  1.6629  1.6623  1.6986  1.9055  1.6150  1.7235  1.6099  1.8887  1.6820  1.7525  1.5785  1.6016  1.5828  1.0095  1.0316  1.0083  1.0060  1.0083  1.0108  1.0166  1.0168 
2.0700  2.1390  2.2789  3.1007  1.6542  0.0000  4.0586  3.2323  1.9857  4.1229  2.0986  1.7162  1.7216  1.5564  1.3926  1.8879  1.8894  1.6061  1.9606  1.9254  1.9830  1.8961  1.8835  1.9353  1.9134  1.8960  1.8747  1.9364  1.8824  1.7494  1.7213  1.7232  1.0032  1.0078  1.0093  1.0078  1.0106  1.0074  1.0164  1.0224 
2.1108  2.2374  2.3928  3.1060  1.6560  4.0586  0.0000  3.2109  1.9443  3.9020  2.1355  1.7795  1.7287  1.5704  1.3984  1.9609  1.8950  1.6197  1.9780  1.9324  2.0098  1.9248  1.8781  1.9558  1.9297  1.8965  1.8977  1.9557  1.8949  1.7229  1.7332  1.7351  1.0052  1.0073  1.0081  1.0039  1.0118  1.0068  1.0179  1.0186 
1.9980  2.0079  2.1177  2.5177  1.6178  3.2323  3.2109  0.0000  1.7943  3.1869  1.9698  1.7222  1.6703  1.6214  1.3439  1.8319  1.8285  1.6230  1.8755  1.8527  1.9126  1.8150  1.8304  1.8635  1.8559  1.7887  1.8335  1.8764  1.8274  1.7120  1.6850  1.6724  1.0068  1.0077  1.0093  1.0077  1.0069  1.0092  1.0175  1.0171 
1.6404  1.6976  1.7125  1.8968  1.8860  1.9857  1.9443  1.7943  0.0000  1.9970  1.7067  1.5574  1.7995  1.5548  1.2937  1.6673  1.7535  1.5333  1.5622  1.5926  1.6091  1.5845  1.6813  1.6078  1.5798  1.6240  1.6947  1.6192  1.6378  1.5693  1.6097  1.5612  1.0067  1.0113  1.0063  1.0066  1.0052  1.0085  1.0135  1.0246 
2.0666  2.1367  2.2745  3.0152  1.6584  4.1229  3.9020  3.1869  1.9970  0.0000  2.0826  1.7721  1.7315  1.6109  1.3978  1.9428  1.9222  1.6340  1.9344  1.9496  2.0552  1.9085  1.8812  1.9545  1.9377  1.9210  1.8813  1.9504  1.9019  1.7441  1.7453  1.7475  1.0072  1.0071  1.0103  1.0073  1.0121  1.0093  1.0187  1.0183 
1.7500  1.7577  1.8140  2.1165  1.6576  2.0986  2.1355  1.9698  1.7067  2.0826  0.0000  1.8557  1.9476  1.8801  1.3448  1.9706  2.3126  1.9634  1.9064  1.9039  1.9360  1.8643  1.9106  1.9180  1.8980  1.8258  2.0611  1.8485  2.0972  1.7447  1.9900  2.0174  1.0064  1.0053  1.0053  1.0045  1.0056  1.0107  1.0171  1.0203 
1.5336  1.5743  1.5647  1.7198  1.5181  1.7162  1.7795  1.7222  1.5574  1.7721  1.8557  0.0000  1.7301  1.7691  1.3079  1.6270  1.6948  1.7272  1.5698  1.5685  1.6224  1.6255  1.5375  1.6869  1.6223  1.6342  1.6705  1.6557  1.6326  1.4170  1.6705  1.6935  1.0069  1.0055  1.0080  1.0088  1.0105  1.0071  1.0232  1.0200 
1.4780  1.5224  1.5290  1.7912  1.8095  1.7216  1.7287  1.6703  1.7995  1.7315  1.9476  1.7301  0.0000  1.8560  1.3056  1.7771  2.2670  1.9159  1.6684  1.7012  1.7059  1.6835  1.7656  1.6921  1.7202  1.6835  2.1816  1.7164  2.0286  1.7768  2.1610  1.9853  1.0066  1.0149  1.0051  1.0044  1.0110  1.0129  1.0168  1.0175 
1.4739  1.4712  1.5055  1.6337  1.5269  1.5564  1.5704  1.6214  1.5548  1.6109  1.8801  1.7691  1.8560  0.0000  1.2750  1.6442  2.0020  3.6612  1.5650  1.6213  1.6226  1.5265  1.6280  1.6347  1.6266  1.6299  1.7061  1.6023  1.8157  1.5531  2.3368  2.2265  1.0057  1.0064  1.0085  1.0091  1.0090  1.0142  1.0185  1.0149 
1.3456  1.3480  1.3560  1.3600  1.2808  1.3926  1.3984  1.3439  1.2937  1.3978  1.3448  1.3079  1.3056  1.2750  0.0000  1.3412  1.3282  1.2829  1.3592  1.3945  1.3905  1.3681  1.3323  1.3724  1.3598  1.3475  1.3541  1.3659  1.3521  1.3510  1.3214  1.3297  1.0060  1.0084  1.0083  1.0108  1.0081  1.0074  1.0149  1.0146 
1.7093  1.7238  1.7670  1.9756  2.0104  1.8879  1.9609  1.8319  1.6673  1.9428  1.9706  1.6270  1.7771  1.6442  1.3412  0.0000  2.0016  1.6897  1.9975  2.0674  2.0233  1.9913  2.5583  2.0087  2.0655  1.9504  2.5034  2.0339  2.0236  1.8406  1.7807  1.7760  1.0066  1.0067  1.0077  1.0089  1.0100  1.0127  1.0176  1.0176 
1.6634  1.6685  1.7159  1.9778  1.7205  1.8894  1.8950  1.8285  1.7535  1.9222  2.3126  1.6948  2.2670  2.0020  1.3282  2.0016  0.0000  2.0805  1.9002  1.9496  1.9423  1.8366  1.9108  1.9034  1.9023  1.8617  2.4551  1.8737  2.3986  1.8717  2.2905  2.2437  1.0061  1.0062  1.0113  1.0063  1.0313  1.0093  1.0191  1.0182 
1.5174  1.5155  1.5504  1.6967  1.5564  1.6061  1.6197  1.6230  1.5333  1.6340  1.9634  1.7272  1.9159  3.6612  1.2829  1.6897  2.0805  0.0000  1.6465  1.6688  1.6750  1.6133  1.6778  1.6830  1.6458  1.6524  1.7648  1.6244  1.8211  1.5432  2.4135  2.3840  1.0064  1.0078  1.0097  1.0138  1.0095  1.0341  1.0233  1.0148 
1.7814  1.8470  1.8739  1.9529  1.6329  1.9606  1.9780  1.8755  1.5622  1.9344  1.9064  1.5698  1.6684  1.5650  1.3592  1.9975  1.9002  1.6465  0.0000  3.2374  3.1592  2.3868  1.9909  2.6440  2.4767  2.3955  2.1717  2.4974  2.0089  1.7207  1.7470  1.7514  1.0076  1.0084  1.0071  1.0052  1.0097  1.0083  1.0226  1.0197 
1.7678  1.7918  1.8343  1.9189  1.6629  1.9254  1.9324  1.8527  1.5926  1.9496  1.9039  1.5685  1.7012  1.6213  1.3945  2.0674  1.9496  1.6688  3.2374  0.0000  3.4680  2.6492  2.1182  2.9406  2.9988  2.4207  2.2181  2.8178  2.0423  1.7631  1.7598  1.7423  1.0037  1.0097  1.0046  1.0060  1.0079  1.0097  1.0208  1.0170 
1.8272  1.8547  1.9023  1.9876  1.6623  1.9830  2.0098  1.9126  1.6091  2.0552  1.9360  1.6224  1.7059  1.6226  1.3905  2.0233  1.9423  1.6750  3.1592  3.4680  0.0000  2.9369  2.0913  3.2753  2.9431  2.4359  2.1625  2.8533  2.0614  1.8057  1.7730  1.7624  1.0058  1.0074  1.0063  1.0049  1.0066  1.0112  1.0211  1.0167 
1.7017  1.7741  1.7522  1.8459  1.6986  1.8961  1.9248  1.8150  1.5845  1.9085  1.8643  1.6255  1.6835  1.5265  1.3681  1.9913  1.8366  1.6133  2.3868  2.6492  2.9369  0.0000  2.0340  3.1316  2.8404  2.3351  2.0396  2.8177  1.9274  1.7422  1.7376  1.7171  1.0055  1.0070  1.0076  1.0069  1.0050  1.0121  1.0178  1.0135 
1.6931  1.7189  1.7585  1.9458  1.9055  1.8835  1.8781  1.8304  1.6813  1.8812  1.9106  1.5375  1.7656  1.6280  1.3323  2.5583  1.9108  1.6778  1.9909  2.1182  2.0913  2.0340  0.0000  2.1630  2.1131  1.9783  2.2887  2.1298  1.9404  1.7805  1.7592  1.7364  1.0035  1.0081  1.0076  1.0088  1.0068  1.0110  1.0171  1.0183 
1.7262  1.7931  1.8260  1.9000  1.6150  1.9353  1.9558  1.8635  1.6078  1.9545  1.9180  1.6869  1.6921  1.6347  1.3724  2.0087  1.9034  1.6830  2.6440  2.9406  3.2753  3.1316  2.1630  0.0000  3.4253  2.5953  2.1047  3.5899  1.9738  1.7685  1.7506  1.7381  1.0057  1.0077  1.0082  1.0040  1.0054  1.0077  1.0180  1.0179 
1.7060  1.7743  1.7850  1.9365  1.7235  1.9134  1.9297  1.8559  1.5798  1.9377  1.8980  1.6223  1.7202  1.6266  1.3598  2.0655  1.9023  1.6458  2.4767  2.9988  2.9431  2.8404  2.1131  3.4253  0.0000  2.5285  2.2620  3.7195  2.0223  1.8171  1.7570  1.7377  1.0059  1.0088  1.0077  1.0028  1.0067  1.0102  1.0162  1.0193 
1.7496  1.7802  1.8274  1.8821  1.6099  1.8960  1.8965  1.7887  1.6240  1.9210  1.8258  1.6342  1.6835  1.6299  1.3475  1.9504  1.8617  1.6524  2.3955  2.4207  2.4359  2.3351  1.9783  2.5953  2.5285  0.0000  2.0094  2.5316  1.9796  1.7402  1.7278  1.7127  1.0053  1.0290  1.0095  1.0062  1.0101  1.0099  1.0178  1.0151 
1.6718  1.7198  1.7323  1.9677  1.8887  1.8747  1.8977  1.8335  1.6947  1.8813  2.0611  1.6705  2.1816  1.7061  1.3541  2.5034  2.4551  1.7648  2.1717  2.2181  2.1625  2.0396  2.2887  2.1047  2.2620  2.0094  0.0000  2.1288  2.6762  1.9882  1.9311  1.8802  1.0053  1.0083  1.0088  1.0071  1.0076  1.0096  1.0199  1.0217 
1.7268  1.8009  1.8527  1.9315  1.6820  1.9364  1.9557  1.8764  1.6192  1.9504  1.8485  1.6557  1.7164  1.6023  1.3659  2.0339  1.8737  1.6244  2.4974  2.8178  2.8533  2.8177  2.1298  3.5899  3.7195  2.5316  2.1288  0.0000  2.0136  1.8025  1.7240  1.7205  1.0057  1.0086  1.0122  1.0038  1.0047  1.0106  1.0215  1.0166 
1.7028  1.7011  1.7669  2.0152  1.7525  1.8824  1.8949  1.8274  1.6378  1.9019  2.0972  1.6326  2.0286  1.8157  1.3521  2.0236  2.3986  1.8211  2.0089  2.0423  2.0614  1.9274  1.9404  1.9738  2.0223  1.9796  2.6762  2.0136  0.0000  2.0296  2.1146  2.1784  1.0038  1.0303  1.0065  1.0099  1.0072  1.0106  1.0191  1.0226 
1.5944  1.6034  1.6571  1.8398  1.5785  1.7494  1.7229  1.7120  1.5693  1.7441  1.7447  1.4170  1.7768  1.5531  1.3510  1.8406  1.8717  1.5432  1.7207  1.7631  1.8057  1.7422  1.7805  1.7685  1.8171  1.7402  1.9882  1.8025  2.0296  0.0000  1.7530  1.7547  1.0061  1.0075  1.0085  1.0067  1.0078  1.0078  1.0162  1.0147 
1.5634  1.5623  1.6028  1.7999  1.6016  1.7213  1.7332  1.6850  1.6097  1.7453  1.9900  1.6705  2.1610  2.3368  1.3214  1.7807  2.2905  2.4135  1.7470  1.7598  1.7730  1.7376  1.7592  1.7506  1.7570  1.7278  1.9311  1.7240  2.1146  1.7530  0.0000  3.9377  1.0052  1.0092  1.0500  1.0076  1.0049  1.0130  1.0234  1.0150 
1.5527  1.5607  1.5975  1.7534  1.5828  1.7232  1.7351  1.6724  1.5612  1.7475  2.0174  1.6935  1.9853  2.2265  1.3297  1.7760  2.2437  2.3840  1.7514  1.7423  1.7624  1.7171  1.7364  1.7381  1.7377  1.7127  1.8802  1.7205  2.1784  1.7547  3.9377  0.0000  1.0067  1.0070  1.0300  1.0057  1.0059  1.0108  1.0184  1.0137 
1.0044  1.0056  1.0048  1.0049  1.0095  1.0032  1.0052  1.0068  1.0067  1.0072  1.0064  1.0069  1.0066  1.0057  1.0060  1.0066  1.0061  1.0064  1.0076  1.0037  1.0058  1.0055  1.0035  1.0057  1.0059  1.0053  1.0053  1.0057  1.0038  1.0061  1.0052  1.0067  0.0000  1.0287  1.0158  1.0107  1.0057  1.0096  1.0077  1.0100 
1.0058  1.0296  1.0111  1.0110  1.0316  1.0078  1.0073  1.0077  1.0113  1.0071  1.0053  1.0055  1.0149  1.0064  1.0084  1.0067  1.0062  1.0078  1.0084  1.0097  1.0074  1.0070  1.0081  1.0077  1.0088  1.0290  1.0083  1.0086  1.0303  1.0075  1.0092  1.0070  1.0287  0.0000  1.0329  1.0117  1.0102  1.0075  1.0094  1.0093 
1.0131  1.0102  1.0122  1.0081  1.0083  1.0093  1.0081  1.0093  1.0063  1.0103  1.0053  1.0080  1.0051  1.0085  1.0083  1.0077  1.0113  1.0097  1.0071  1.0046  1.0063  1.0076  1.0076  1.0082  1.0077  1.0095  1.0088  1.0122  1.0065  1.0085  1.0500  1.0300  1.0158  1.0329  0.0000  1.0488  1.0160  1.0066  1.0086  1.0052 
1.0061  1.0085  1.0070  1.0066  1.0060  1.0078  1.0039  1.0077  1.0066  1.0073  1.0045  1.0088  1.0044  1.0091  1.0108  1.0089  1.0063  1.0138  1.0052  1.0060  1.0049  1.0069  1.0088  1.0040  1.0028  1.0062  1.0071  1.0038  1.0099  1.0067  1.0076  1.0057  1.0107  1.0117  1.0488  0.0000  1.0198  1.0078  1.0115  1.0064 
1.0083  1.0299  1.0102  1.0103  1.0083  1.0106  1.0118  1.0069  1.0052  1.0121  1.0056  1.0105  1.0110  1.0090  1.0081  1.0100  1.0313  1.0095  1.0097  1.0079  1.0066  1.0050  1.0068  1.0054  1.0067  1.0101  1.0076  1.0047  1.0072  1.0078  1.0049  1.0059  1.0057  1.0102  1.0160  1.0198  0.0000  1.0095  1.0070  1.0090 
1.0056  1.0086  1.0108  1.0109  1.0108  1.0074  1.0068  1.0092  1.0085  1.0093  1.0107  1.0071  1.0129  1.0142  1.0074  1.0127  1.0093  1.0341  1.0083  1.0097  1.0112  1.0121  1.0110  1.0077  1.0102  1.0099  1.0096  1.0106  1.0106  1.0078  1.0130  1.0108  1.0096  1.0075  1.0066  1.0078  1.0095  0.0000  1.0349  1.0044 
1.0172  1.0165  1.0149  1.0162  1.0166  1.0164  1.0179  1.0175  1.0135  1.0187  1.0171  1.0232  1.0168  1.0185  1.0149  1.0176  1.0191  1.0233  1.0226  1.0208  1.0211  1.0178  1.0171  1.0180  1.0162  1.0178  1.0199  1.0215  1.0191  1.0162  1.0234  1.0184  1.0077  1.0094  1.0086  1.0115  1.0070  1.0349  0.0000  1.0096 
1.0148  1.0183  1.0155  1.0227  1.0168  1.0224  1.0186  1.0171  1.0246  1.0183  1.0203  1.0200  1.0175  1.0149  1.0146  1.0176  1.0182  1.0148  1.0197  1.0170  1.0167  1.0135  1.0183  1.0179  1.0193  1.0151  1.0217  1.0166  1.0226  1.0147  1.0150  1.0137  1.0100  1.0093  1.0052  1.0064  1.0090  1.0044  1.0096  0.0000 
# New slice
0.0000  3.6184  3.7991  2.2768  1.5105  2.0605  2.0835  1.8907  1.7508  2.1459  1.8013  1.5985  1.6108  1.4378  1.3425  1.7582  1.7062  1.4673  1.7876  1.7970  1.7435  1.7166  1.7187  1.7695  1.7611  1.7446  1.7409  1.7522  1.7234  1.6203  1.6067  1.5748  1.0105  1.0112  1.0071  1.0049  1.0294  1.0114  1.0205  1.0246 
3.6184  0.0000  3.7492  2.2819  1.4704  2.1065  2.0683  1.9269  1.8323  2.2524  1.8327  1.6391  1.6141  1.4556  1.3483  1.7531  1.7262  1.4876  1.7961  1.8213  1.7556  1.7260  1.7293  1.7811  1.7915  1.7438  1.7428  1.7914  1.7377  1.6002  1.6218  1.5946  1.0136  1.0109  1.0035  1.0048  1.0082  1.0327  1.0218  1.0285 
3.7991  3.7492  0.0000  2.3551  1.5280  2.1861  2.1598  1.9587  1.8200  2.2844  1.8362  1.6474  1.6419  1.4688  1.3433  1.7881  1.7638  1.4907  1.8136  1.8096  1.7620  1.7248  1.7429  1.7781  1.7941  1.7572  1.7695  1.7837  1.7743  1.6149  1.6452  1.6158  1.0124  1.0304  1.0062  1.0043  1.0272  1.0339  1.0425  1.0265 
2.2768  2.2819  2.3551  0.0000  1.6773  2.7544  2.5407  2.2565  1.8959  2.9820  2.1260  1.8174  1.8147  1.6558  1.4047  1.9496  1.9729  1.7018  1.9203  1.9431  1.8997  1.8283  1.9037  1.9548  1.9330  1.8431  1.9634  1.9281  1.9660  1.8009  1.8155  1.8491  1.0096  1.0090  1.0061  1.0047  1.0094  1.0109  1.0194  1.0272 
1.5105  1.4704  1.5280  1.6773  0.0000  1.6040  1.6051  1.5488  1.8215  1.6106  1.6957  1.5234  1.8134  1.5074  1.3173  1.9045  1.6722  1.5499  1.5421  1.5544  1.5366  1.6251  1.8522  1.6534  1.6104  1.5597  1.7182  1.6594  1.6408  1.4895  1.5972  1.5949  1.0107  1.0077  1.0098  1.0116  1.0112  1.0079  1.0181  1.0223 
2.0605  2.1065  2.1861  2.7544  1.6040  0.0000  3.6981  2.9235  1.9297  4.0966  2.0155  1.8018  1.7263  1.6017  1.3717  1.9166  1.8835  1.6288  1.9763  1.9619  1.9270  1.8521  1.8337  1.8778  1.9218  1.8238  1.8989  1.9051  1.8972  1.6469  1.7022  1.7256  1.0083  1.0070  1.0075  1.0042  1.0078  1.0110  1.0210  1.0266 
2.0835  2.0683  2.1598  2.5407  1.6051  3.6981  0.0000  3.1393  1.9186  3.4814  2.0761  1.7882  1.7326  1.6064  1.3712  1.9049  1.8866  1.6359  2.0432  1.9848  1.9303  1.9014  1.8553  1.9522  1.9791  1.8660  1.9266  1.9722  1.8998  1.7145  1.7057  1.7295  1.0061  1.0117  1.0061  1.0075  1.0089  1.0118  1.0198  1.0273 
1.8907  1.9269  1.9587  2.2565  1.5488  2.9235  3.1393  0.0000  1.8718  2.7942  1.8895  1.7887  1.6669  1.5550  1.3600  1.7814  1.7695  1.5698  1.8866  1.8652  1.8436  1.8530  1.7498  1.8673  1.8711  1.7876  1.7951  1.8989  1.7856  1.6427  1.6357  1.6602  1.0077  1.0113  1.0094  1.0068  1.0099  1.0325  1.0202  1.0240 
1.7508  1.8323  1.8200  1.8959  1.8215  1.9297  1.9186  1.8718  0.0000  1.9805  1.6621  1.6344  1.7678  1.5639  1.3140  1.6454  1.6311  1.5890  1.5945  1.6025  1.5827  1.5162  1.6942  1.5631  1.5749  1.5459  1.6684  1.5810  1.6046  1.5018  1.5611  1.5915  1.0096  1.0080  1.0084  1.0102  1.0043  1.0307  1.0192  1.0201 
2.1459  2.2524  2.2844  2.9820  1.6106  4.0966  3.4814  2.7942  1.9805  0.0000  2.1004  1.8297  1.7552  1.6189  1.3804  1.9443  1.9233  1.6383  2.0173  2.0305  1.9892  1.9890  1.8934  1.9852  2.0192  1.9176  1.9615  2.0211  1.9499  1.7272  1.7327  1.7634  1.0077  1.0081  1.0094  1.0068  1.0114  1.0132  1.0201  1.0265 
1.8013  1.8327  1.8362  2.1260  1.6957  2.0155  2.0761  1.8895  1.6621  2.1004  0.0000  1.9886  1.9828  1.8061  1.3936  2.0601  2.3690  1.8705  2.0059  2.0537  2.0253  2.0463  1.9213  1.9967  2.0430  1.8272  2.0615  2.0062  2.1708  1.7735  1.9617  1.9938  1.0085  1.0089  1.0060  1.0083  1.0103  1.0088  1.0206  1.0498 
1.5985  1.6391  1.6474  1.8174  1.5234  1.8018  1.7882  1.7887  1.6344  1.8297  1.9886  0.0000  1.6573  1.6985  1.3056  1.6268  1.7698  1.6770  1.6817  1.6774  1.6607  1.6500  1.5664  1.6578  1.6654  1.6058  1.6675  1.6714  1.6869  1.5561  1.6842  1.6876  1.0060  1.0116  1.0264  1.0081  1.0105  1.0081  1.0212  1.0451 
1.6108  1.6141  1.6419  1.8147  1.8134  1.7263  1.7326  1.6669  1.7678  1.7552  1.9828  1.6573  0.0000  2.0666  1.3382  2.0543  2.4190  2.1113  1.7329  1.7586  1.7528  1.7306  1.9647  1.7291  1.7482  1.7348  2.0105  1.7508  2.0712  1.6770  2.1225  2.1206  1.0081  1.0055  1.0086  1.0051  1.0081  1.0093  1.0194  1.0205 
1.4378  1.4556  1.4688  1.6558  1.5074  1.6017  1.6064  1.5550  1.5639  1.6189  1.8061  1.6985  2.0666  0.0000  1.3102  1.5885  1.9900  3.0302  1.5561  1.5585  1.5757  1.5056  1.6093  1.5606  1.5624  1.5746  1.6543  1.5521  1.7572  1.5888  2.0157  2.1317  1.0055  1.0062  1.0050  1.0075  1.0065  1.0068  1.0156  1.0211 
1.3425  1.3483  1.3433  1.4047  1.3173  1.3717  1.3712  1.3600  1.3140  1.3804  1.3936  1.3056  1.3382  1.3102  0.0000  1.3659  1.4020  1.3270  1.4034  1.3984  1.3914  1.3817  1.3472  1.3884  1.3825  1.3363  1.3619  1.3862  1.3724  1.3522  1.3706  1.3705  1.0105  1.0098  1.0074  1.0101  1.0089  1.0118  1.0203  1.0377 
1.7582  1.7531  1.7881  1.9496  1.9045  1.9166  1.9049  1.7814  1.6454  1.9443  2.0601  1.6268  2.0543  1.5885  1.3659  0.0000  2.2120  1.6489  2.2075  2.4141  2.2365  2.1635  2.6185  2.2074  2.2421  2.0190  2.8647  2.2552  2.2805  1.8563  1.8360  1.8344  1.0087  1.0097  1.0055  1.0075  1.0080  1.0341  1.0211  1.0534 
1.7062  1.7262  1.7638  1.9729  1.6722  1.8835  1.8866  1.7695  1.6311  1.9233  2.3690  1.7698  2.4190  1.9900  1.4020  2.2120  0.0000  2.0796  2.0843  2.0768  2.0938  1.9900  1.9726  2.0330  2.0666  1.9075  2.3679  2.0434  2.8983  1.8290  2.3848  2.2766  1.0091  1.0082  1.0086  1.0056  1.0097  1.0069  1.0177  1.0233 
1.4673  1.4876  1.4907  1.7018  1.5499  1.6288  1.6359  1.5698  1.5890  1.6383  1.8705  1.6770  2.1113  3.0302  1.3270  1.6489  2.0796  0.0000  1.5878  1.6030  1.6165  1.5432  1.6660  1.6097  1.6141  1.6068  1.7150  1.5989  1.8011  1.5897  2.1331  2.1866  1.0082  1.0091  1.0066  1.0076  1.0075  1.0063  1.0177  1.0192 
1.7876  1.7961  1.8136  1.9203  1.5421  1.9763  2.0432  1.8866  1.5945  2.0173  2.0059  1.6817  1.7329  1.5561  1.4034  2.2075  2.0843  1.5878  0.0000  3.7039  3.5073  2.6033  2.0488  3.2184  3.1027  2.4720  2.2751  3.0494  2.2471  1.8301  1.7709  1.7955  1.0113  1.0093  1.0094  1.0075  1.0052  1.0107  1.0671  1.0204 
1.7970  1.8213  1.8096  1.9431  1.5544  1.9619  1.9848  1.8652  1.6025  2.0305  2.0537  1.6774  1.7586  1.5585  1.3984  2.4141  2.0768  1.6030  3.7039  0.0000  3.9303  2.9826  2.2500  3.7555  3.6619  2.3608  2.5148  3.5466  2.4021  1.8545  1.8040  1.8274  1.0099  1.0125  1.0072  1.0082  1.0076  1.0159  1.0238  1.0239 
1.7435  1.7556  1.7620  1.8997  1.5366  1.9270  1.9303  1.8436  1.5827  1.9892  2.0253  1.6607  1.7528  1.5757  1.3914  2.2365  2.0938  1.6165  3.5073  3.9303  0.0000  3.1808  2.1895  3.7860  3.8002  2.3672  2.4707  3.8284  2.4091  1.8799  1.8364  1.8457  1.0105  1.0139  1.0091  1.0107  1.0060  1.0110  1.0234  1.0241 
1.7166  1.7260  1.7248  1.8283  1.6251  1.8521  1.9014  1.8530  1.5162  1.9890  2.0463  1.6500  1.7306  1.5056  1.3817  2.1635  1.9900  1.5432  2.6033  2.9826  3.1808  0.0000  2.0954  3.2437  3.3048  2.2046  2.2389  3.3875  2.2057  1.8620  1.7821  1.7990  1.0069  1.0128  1.0085  1.0075  1.0086  1.0129  1.0419  1.0245 
1.7187  1.7293  1.7429  1.9037  1.8522  1.8337  1.8553  1.7498  1.6942  1.8934  1.9213  1.5664  1.9647  1.6093  1.3472  2.6185  1.9726  1.6660  2.0488  2.2500  2.1895  2.0954  0.0000  2.2312  2.1890  1.9110  2.6186  2.1476  2.0743  1.8172  1.7213  1.7518  1.0109  1.0087  1.0071  1.0071  1.0087  1.0310  1.0203  1.0243 
1.7695  1.7811  1.7781  1.9548  1.6534  1.8778  1.9522  1.8673  1.5631  1.9852  1.9967  1.6578  1.7291  1.5606  1.3884  2.2074  2.0330  1.6097  3.2184  3.7555  3.7860  3.2437  2.2312  0.0000  4.1488  2.6043  2.3455  4.1176  2.3393  1.8772  1.8021  1.8079  1.0066  1.0104  1.0073  1.0091  1.0076  1.0117  1.0408  1.0234 
1.7611  1.7915  1.7941  1.9330  1.6104  1.9218  1.9791  1.8711  1.5749  2.0192  2.0430  1.6654  1.7482  1.5624  1.3825  2.2421  2.0666  1.6141  3.1027  3.6619  3.8002  3.3048  2.1890  4.1488  0.0000  2.5041  2.3882  4.2012  2.3228  1.8834  1.8314  1.8292  1.0097  1.0126  1.0075  1.0070  1.0073  1.0118  1.0191  1.0233 
1.7446  1.7438  1.7572  1.8431  1.5597  1.8238  1.8660  1.7876  1.5459  1.9176  1.8272  1.6058  1.7348  1.5746  1.3363  2.0190  1.9075  1.6068  2.4720  2.3608  2.3672  2.2046  1.9110  2.6043  2.5041  0.0000  2.0616  2.4337  2.0392  1.8709  1.7736  1.7727  1.0084  1.0111  1.0107  1.0067  1.0046  1.0118  1.0189  1.0230 
1.7409  1.7428  1.7695  1.9634  1.7182  1.8989  1.9266  1.7951  1.6684  1.9615  2.0615  1.6675  2.0105  1.6543  1.3619  2.8647  2.3679  1.7150  2.2751  2.5148  2.4707  2.2389  2.6186  2.3455  2.3882  2.0616  0.0000  2.3845  2.7491  1.9247  1.9308  1.9434  1.0091  1.0108  1.0049  1.0117  1.0084  1.0564  1.0205  1.0263 
1.7522  1.7914  1.7837  1.9281  1.6594  1.9051  1.9722  1.8989  1.5810  2.0211  2.0062  1.6714  1.7508  1.5521  1.3862  2.2552  2.0434  1.5989  3.0494  3.5466  3.8284  3.3875  2.1476  4.1176  4.2012  2.4337  2.3845  0.0000  2.3331  1.9049  1.8016  1.8163  1.0106  1.0111  1.0061  1.0061  1.0078  1.0133  1.0208  1.0220 
1.7234  1.7377  1.7743  1.9660  1.6408  1.8972  1.8998  1.7856  1.6046  1.9499  2.1708  1.6869  2.0712  1.7572  1.3724  2.2805  2.8983  1.8011  2.2471  2.4021  2.4091  2.2057  2.0743  2.3393  2.3228  2.0392  2.7491  2.3331  0.0000  1.9751  2.1978  2.2056  1.0065  1.0121  1.0060  1.0080  1.0099  1.0102  1.0217  1.0251 
1.6203  1.6002  1.6149  1.8009  1.4895  1.6469  1.7145  1.6427  1.5018  1.7272  1.7735  1.5561  1.6770  1.5888  1.3522  1.8563  1.8290  1.5897  1.8301  1.8545  1.8799  1.8620  1.8172  1.8772  1.8834  1.8709  1.9247  1.9049  1.9751  0.0000  1.7934  1.7836  1.0084  1.0086  1.0062  1.0171  1.0059  1.0092  1.0158  1.0279 
1.6067  1.6218  1.6452  1.8155  1.5972  1.7022  1.7057  1.6357  1.5611  1.7327  1.9617  1.6842  2.1225  2.0157  1.3706  1.8360  2.3848  2.1331  1.7709  1.8040  1.8364  1.7821  1.7213  1.8021  1.8314  1.7736  1.9308  1.8016  2.1978  1.7934  0.0000  3.5335  1.0139  1.0125  1.0057  1.0079  1.0060  1.0305  1.0361  1.0261 
1.5748  1.5946  1.6158  1.8491  1.5949  1.7256  1.7295  1.6602  1.5915  1.7634  1.9938  1.6876  2.1206  2.1317  1.3705  1.8344  2.2766  2.1866  1.7955  1.8274  1.8457  1.7990  1.7518  1.8079  1.8292  1.7727  1.9434  1.8163  2.2056  1.7836  3.5335  0.0000  1.0097  1.0139  1.0084  1.0081  1.0094  1.0311  1.0371  1.0273 
1.0105  1.0136  1.0124  1.0096  1.0107  1.0083  1.0061  1.0077  1.0096  1.0077  1.0085  1.0060  1.0081  1.0055  1.0105  1.0087  1.0091  1.0082  1.0113  1.0099  1.0105  1.0069  1.0109  1.0066  1.0097  1.0084  1.0091  1.0106  1.0065  1.0084  1.0139  1.0097  0.0000  1.0279  1.0066  1.0094  1.0060  1.0045  1.0105  1.0138 
1.0112  1.0109  1.0304  1.0090  1.0077  1.0070  1.0117  1.0113  1.0080  1.0081  1.0089  1.0116  1.0055  1.0062  1.0098  1.0097  1.0082  1.0091  1.0093  1.0125  1.0139  1.0128  1.0087  1.0104  1.0126  1.0111  1.0108  1.0111  1.0121  1.0086  1.0125  1.0139  1.0279  0.0000  1.0187  1.0118  1.0088  1.0050  1.0103  1.0086 
1.0071  1.0035  1.0062  1.0061  1.0098  1.0075  1.0061  1.0094  1.0084  1.0094  1.0060  1.0264  1.0086  1.0050  1.0074  1.0055  1.0086  1.0066  1.0094  1.0072  1.0091  1.0085  1.0071  1.0073  1.0075  1.0107  1.0049  1.0061  1.0060  1.0062  1.0057  1.0084  1.0066  1.0187  0.0000  1.0504  1.0128  1.0105  1.0097  1.0060 
1.0049  1.0048  1.0043  1.0047  1.0116  1.0042  1.0075  1.0068  1.0102  1.0068  1.0083  1.0081  1.0051  1.0075  1.0101  1.0075  1.0056  1.0076  1.0075  1.0082  1.0107  1.0075  1.0071  1.0091  1.0070  1.0067  1.0117  1.0061  1.0080  1.0171  1.0079  1.0081  1.0094  1.0118  1.0504  0.0000  1.0328  1.0042  1.0106  1.0069 
1.0294  1.0082  1.0272  1.0094  1.0112  1.0078  1.0089  1.0099  1.0043  1.0114  1.0103  1.0105  1.0081  1.0065  1.0089  1.0080  1.0097  1.0075  1.0052  1.0076  1.0060  1.0086  1.0087  1.0076  1.0073  1.0046  1.0084  1.0078  1.0099  1.0059  1.0060  1.0094  1.0060  1.0088  1.0128  1.0328  0.0000  1.0081  1.0067  1.0165 
1.0114  1.0327  1.0339  1.0109  1.0079  1.0110  1.0118  1.0325  1.0307  1.0132  1.0088  1.0081  1.0093  1.0068  1.0118  1.0341  1.0069  1.0063  1.0107  1.0159  1.0110  1.0129  1.0310  1.0117  1.0118  1.0118  1.0564  1.0133  1.0102  1.0092  1.0305  1.0311  1.0045  1.0050  1.0105  1.0042  1.0081  0.0000  1.0217  1.0103 
1.0205  1.0218  1.0425  1.0194  1.0181  1.0210  1.0198  1.0202  1.0192  1.0201  1.0206  1.0212  1.0194  1.0156  1.0203  1.0211  1.0177  1.0177  1.0671  1.0238  1.0234  1.0419  1.0203  1.0408  1.0191  1.0189  1.0205  1.0208  1.0217  1.0158  1.0361  1.0371  1.0105  1.0103  1.0097  1.0106  1.0067  1.0217  0.0000  1.0066 
1.0246  1.0285  1.0265  1.0272  1.0223  1.0266  1.0273  1.0240  1.0201  1.0265  1.0498  1.0451  1.0205  1.0211  1.0377  1.0534  1.0233  1.0192  1.0204  1.0239  1.0241  1.0245  1.0243  1.0234  1.0233  1.0230  1.0263  1.0220  1.0251  1.0279  1.0261  1.0273  1.0138  1.0086  1.0060  1.0069  1.0165  1.0103  1.0066  0.0000 
# New slice
0.0000  3.8111  3.2331  2.1810  1.5337  2.1744  2.2236  1.9362  1.7839  2.2129  1.8013  1.5973  1.5921  1.3725  1.3977  1.6951  1.6526  1.3842  1.6542  1.7050  1.6986  1.6788  1.6076  1.6966  1.6973  1.6341  1.6586  1.6850  1.6728  1.6044  1.4953  1.5940  1.0090  1.0061  1.0122  1.0059  1.0082  1.0029  1.0270  1.0309 
3.8111  0.0000  3.4770  2.3345  1.5636  2.3528  2.4251  2.0067  1.8023  2.3293  1.8623  1.6299  1.6261  1.4833  1.4063  1.7421  1.7174  1.4987  1.6873  1.7290  1.7194  1.6975  1.6800  1.7136  1.7105  1.6935  1.7421  1.7161  1.7540  1.6280  1.5835  1.5750  1.0087  1.0060  1.0086  1.0100  1.0113  1.0050  1.0321  1.0301 
3.2331  3.4770  0.0000  2.4871  1.6365  2.4434  2.5352  2.0131  1.7990  2.6068  1.8964  1.6539  1.6490  1.5055  1.4401  1.7770  1.7486  1.5223  1.6931  1.7422  1.7406  1.7145  1.7097  1.7403  1.7433  1.7033  1.7856  1.7390  1.8008  1.6619  1.6197  1.6033  1.0068  1.0046  1.0081  1.0091  1.0107  1.0086  1.0308  1.0351 
2.1810  2.3345  2.4871  0.0000  1.6859  2.8151  2.5000  2.2499  1.8206  2.8027  2.1739  1.7624  1.7842  1.6251  1.4588  1.8992  1.9287  1.6586  1.7309  1.7440  1.7653  1.7478  1.8141  1.7503  1.7788  1.6913  1.8622  1.7654  1.8933  1.7697  1.7174  1.7153  1.0059  1.0045  1.0079  1.0086  1.0071  1.0093  1.0329  1.0611 
