# Array shape: (44, 40, 40)
0.0000  2.4859  2.6499  1.3044  1.1124  1.3184  1.2527  1.2354  1.2556  1.2299  1.2546  1.1728  1.2238  1.2967  1.1222  1.2719  1.2067  1.2063  1.1158  1.1261  1.1770  1.1440  1.2114  1.1505  1.2481  1.2175  1.2607  1.1880  1.2604  1.0652  1.2573  1.2748  1.0092  1.0285  1.0051  1.0101  1.0125  1.0094  1.0094  1.0098 
2.4859  0.0000  3.6839  1.3244  1.1302  1.2331  1.2619  1.2495  1.2329  1.2137  1.2718  1.2273  1.2315  1.3048  1.1772  1.2954  1.1547  1.2404  1.1723  1.2137  1.2158  1.0688  1.2569  1.2309  1.2083  1.2341  1.1845  1.2354  1.3360  1.2007  1.3234  1.3376  1.0071  1.0077  1.0069  1.0104  1.0063  1.0123  1.0063  1.0298 
2.6499  3.6839  0.0000  1.3607  1.1599  1.3443  1.3074  1.3312  1.2751  1.2900  1.3064  1.1940  1.2356  1.2718  1.1775  1.3229  1.1588  1.2357  1.1467  1.1627  1.2484  1.1535  1.2287  1.2282  1.2394  1.2639  1.2173  1.2724  1.3427  1.1467  1.2952  1.2735  1.0103  1.0044  1.0063  1.0074  1.0063  1.0119  1.0295  1.0085 
1.3044  1.3244  1.3607  0.0000  1.0883  1.2365  1.2950  1.2702  1.2707  1.2604  1.1462  1.1082  1.2241  1.1646  1.1033  1.3998  1.1165  1.2207  1.1381  1.1206  1.1315  1.2034  1.4449  1.2127  1.2603  1.2609  1.1525  1.2589  1.2337  1.1126  1.2533  1.1365  1.0296  1.0064  1.0295  1.0509  1.0056  1.0348  1.0097  1.0117 
1.1124  1.1302  1.1599  1.0883  0.0000  1.1142  1.1725  1.1725  1.2563  1.1417  1.1146  1.1264  1.1169  1.1468  1.6918  1.1864  1.1867  1.0958  1.5195  1.4062  1.3825  1.2695  1.1377  1.2144  1.2279  1.1892  1.1680  1.2133  1.1717  1.1946  1.4261  1.1460  1.0120  1.0047  1.0064  1.0079  1.0045  1.0079  1.0313  1.0321 
1.3184  1.2331  1.3443  1.2365  1.1142  0.0000  2.6540  2.3001  2.6417  2.5337  1.9676  1.7284  1.5914  1.6691  1.1271  1.4405  1.7237  1.6238  1.1396  1.1879  1.3155  1.2615  1.4829  1.2483  1.2859  1.3678  1.7760  1.3656  1.5911  1.2204  1.2690  1.6644  1.0089  1.0095  1.0054  1.0056  1.0060  1.0088  1.0090  1.0110 
1.2527  1.2619  1.3074  1.2950  1.1725  2.6540  0.0000  2.3946  2.6958  2.8377  1.8674  1.7340  1.5499  1.7317  1.0829  1.3649  1.6602  1.6860  1.1993  1.1895  1.2253  1.3204  1.5063  1.1846  1.3213  1.3036  1.7992  1.3943  1.6111  1.3046  1.3114  1.7122  1.0065  1.0325  1.0069  1.0092  1.0081  1.0082  1.0287  1.0075 
1.2354  1.2495  1.3312  1.2702  1.1725  2.3001  2.3946  0.0000  2.3100  2.7219  1.8361  1.6719  1.5593  1.6820  1.0982  1.3667  1.6498  1.6392  1.1332  1.2065  1.2689  1.1648  1.4814  1.2649  1.2976  1.2839  1.7805  1.3429  1.4832  1.2724  1.2537  1.6852  1.0084  1.0330  1.0078  1.0094  1.0048  1.0053  1.0106  1.0056 
1.2556  1.2329  1.2751  1.2707  1.2563  2.6417  2.6958  2.3100  0.0000  2.7868  1.9133  1.7066  1.5910  1.6513  1.1533  1.3986  1.7338  1.6172  1.1646  1.1509  1.1888  1.1707  1.5555  1.1542  1.2509  1.2390  1.8368  1.2925  1.6022  1.1944  1.3210  1.6722  1.0056  1.0114  1.0052  1.0084  1.0114  1.0059  1.0045  1.0063 
1.2299  1.2137  1.2900  1.2604  1.1417  2.5337  2.8377  2.7219  2.7868  0.0000  2.0216  1.7613  1.6537  1.7044  1.0767  1.3757  1.7573  1.6560  1.1285  1.1763  1.2430  1.1661  1.5334  1.2332  1.3343  1.3232  1.8432  1.3484  1.5866  1.2096  1.3924  1.6980  1.0056  1.0101  1.0053  1.0100  1.0059  1.0117  1.0075  1.0080 
1.2546  1.2718  1.3064  1.1462  1.1146  1.9676  1.8674  1.8361  1.9133  2.0216  0.0000  1.7765  1.8331  1.8162  1.0800  1.3839  1.7419  1.7636  1.1205  1.1674  1.2317  1.3682  1.5111  1.3102  1.2846  1.3416  1.7429  1.3569  1.6937  1.2491  1.2571  1.7612  1.0060  1.0069  1.0103  1.0104  1.0163  1.0129  1.0085  1.0113 
1.1728  1.2273  1.1940  1.1082  1.1264  1.7284  1.7340  1.6719  1.7066  1.7613  1.7765  0.0000  1.5205  1.5768  1.0996  1.2617  1.6536  1.5041  1.1542  1.1418  1.1981  1.2414  1.3565  1.2375  1.1753  1.1471  1.6347  1.2108  1.3732  1.2151  1.2353  1.5619  1.0060  1.0104  1.0045  1.0051  1.0069  1.0064  1.0056  1.0132 
1.2238  1.2315  1.2356  1.2241  1.1169  1.5914  1.5499  1.5593  1.5910  1.6537  1.8331  1.5205  0.0000  1.7179  1.1378  1.3976  1.5890  1.6514  1.1861  1.1744  1.2741  1.3162  1.4355  1.3141  1.4106  1.3406  1.5257  1.4264  1.5919  1.1907  1.4332  1.6081  1.0087  1.0085  1.0063  1.0098  1.0056  1.0100  1.0066  1.0073 
1.2967  1.3048  1.2718  1.1646  1.1468  1.6691  1.7317  1.6820  1.6513  1.7044  1.8162  1.5768  1.7179  0.0000  1.1851  1.3697  1.6538  2.5371  1.1006  1.2375  1.2402  1.2718  1.4581  1.3465  1.3832  1.3377  1.5477  1.3955  1.6905  1.2692  1.4856  2.8379  1.0079  1.0103  1.0081  1.0308  1.0067  1.0058  1.0107  1.0348 
1.1222  1.1772  1.1775  1.1033  1.6918  1.1271  1.0829  1.0982  1.1533  1.0767  1.0800  1.0996  1.1378  1.1851  0.0000  1.2291  1.1735  1.1095  1.5817  1.5385  1.4587  1.3488  1.0909  1.3747  1.2882  1.2684  1.1657  1.2941  1.1185  1.1602  1.4892  1.1841  1.0353  1.0072  1.0067  1.0072  1.0306  1.0084  1.0065  1.0129 
1.2719  1.2954  1.3229  1.3998  1.1864  1.4405  1.3649  1.3667  1.3986  1.3757  1.3839  1.2617  1.3976  1.3697  1.2291  0.0000  1.3872  1.3312  1.3947  1.3389  1.4188  1.5298  1.6065  1.5995  1.7146  1.7084  1.4021  1.6208  1.4524  1.2266  1.5789  1.3744  1.0081  1.0055  1.0057  1.0127  1.0086  1.0097  1.0292  1.0107 
1.2067  1.1547  1.1588  1.1165  1.1867  1.7237  1.6602  1.6498  1.7338  1.7573  1.7419  1.6536  1.5890  1.6538  1.1735  1.3872  0.0000  1.5896  1.1810  1.1623  1.1959  1.1609  1.4572  1.1859  1.2775  1.1812  2.0478  1.2879  1.6156  1.1946  1.3211  1.6552  1.0070  1.0114  1.0067  1.0091  1.0090  1.0077  1.0073  1.0122 
1.2063  1.2404  1.2357  1.2207  1.0958  1.6238  1.6860  1.6392  1.6172  1.6560  1.7636  1.5041  1.6514  2.5371  1.1095  1.3312  1.5896  0.0000  1.2154  1.2348  1.2041  1.2996  1.5014  1.3095  1.3767  1.3681  1.5086  1.3568  1.6762  1.3572  1.4229  3.0269  1.0071  1.0090  1.0067  1.0069  1.0060  1.0067  1.0127  1.0141 
1.1158  1.1723  1.1467  1.1381  1.5195  1.1396  1.1993  1.1332  1.1646  1.1285  1.1205  1.1542  1.1861  1.1006  1.5817  1.3947  1.1810  1.2154  0.0000  2.4414  2.2553  1.5632  1.2188  1.7375  1.6638  1.5631  1.1726  1.5864  1.2233  1.1363  1.5615  1.1606  1.0304  1.0093  1.0121  1.0117  1.0102  1.0106  1.0124  1.0107 
1.1261  1.2137  1.1627  1.1206  1.4062  1.1879  1.1895  1.2065  1.1509  1.1763  1.1674  1.1418  1.1744  1.2375  1.5385  1.3389  1.1623  1.2348  2.4414  0.0000  2.6628  1.5708  1.2517  1.8676  1.7653  1.7123  1.1615  1.7537  1.3380  1.1952  1.6248  1.1794  1.0075  1.0085  1.0124  1.0113  1.0102  1.0129  1.0099  1.0092 
1.1770  1.2158  1.2484  1.1315  1.3825  1.3155  1.2253  1.2689  1.1888  1.2430  1.2317  1.1981  1.2741  1.2402  1.4587  1.4188  1.1959  1.2041  2.2553  2.6628  0.0000  1.5929  1.2551  1.9124  1.8591  1.8110  1.1689  1.7843  1.3601  1.2014  1.5837  1.1824  1.0279  1.0101  1.0115  1.0077  1.0095  1.0116  1.0102  1.0131 
1.1440  1.0688  1.1535  1.2034  1.2695  1.2615  1.3204  1.1648  1.1707  1.1661  1.3682  1.2414  1.3162  1.2718  1.3488  1.5298  1.1609  1.2996  1.5632  1.5708  1.5929  0.0000  1.3071  1.9094  1.8088  1.8539  1.1944  1.7575  1.4304  1.2200  1.5194  1.2785  1.0042  1.0110  1.0127  1.0265  1.0087  1.0077  1.0083  1.0070 
1.2114  1.2569  1.2287  1.4449  1.1377  1.4829  1.5063  1.4814  1.5555  1.5334  1.5111  1.3565  1.4355  1.4581  1.0909  1.6065  1.4572  1.5014  1.2188  1.2517  1.2551  1.3071  0.0000  1.4342  1.5345  1.4980  1.6207  1.4890  1.6146  1.2701  1.3273  1.4421  1.0085  1.0097  1.0089  1.0090  1.0074  1.0300  1.0066  1.0067 
1.1505  1.2309  1.2282  1.2127  1.2144  1.2483  1.1846  1.2649  1.1542  1.2332  1.3102  1.2375  1.3141  1.3465  1.3747  1.5995  1.1859  1.3095  1.7375  1.8676  1.9124  1.9094  1.4342  0.0000  2.5906  2.6268  1.1718  2.4812  1.5649  1.1676  1.5529  1.2868  1.0074  1.0080  1.0130  1.0279  1.0070  1.0093  1.0101  1.0079 
1.2481  1.2083  1.2394  1.2603  1.2279  1.2859  1.3213  1.2976  1.2509  1.3343  1.2846  1.1753  1.4106  1.3832  1.2882  1.7146  1.2775  1.3767  1.6638  1.7653  1.8591  1.8088  1.5345  2.5906  0.0000  2.7931  1.2311  2.6150  1.7128  1.2063  1.5886  1.3531  1.0080  1.0090  1.0111  1.0081  1.0060  1.0135  1.0082  1.0083 
1.2175  1.2341  1.2639  1.2609  1.1892  1.3678  1.3036  1.2839  1.2390  1.3232  1.3416  1.1471  1.3406  1.3377  1.2684  1.7084  1.1812  1.3681  1.5631  1.7123  1.8110  1.8539  1.4980  2.6268  2.7931  0.0000  1.2637  2.6571  1.6731  1.2082  1.5321  1.3404  1.0508  1.0058  1.0329  1.0083  1.0061  1.0099  1.0289  1.0063 
1.2607  1.1845  1.2173  1.1525  1.1680  1.7760  1.7992  1.7805  1.8368  1.8432  1.7429  1.6347  1.5257  1.5477  1.1657  1.4021  2.0478  1.5086  1.1726  1.1615  1.1689  1.1944  1.6207  1.1718  1.2311  1.2637  0.0000  1.3441  1.7043  1.2656  1.3373  1.5483  1.0071  1.0136  1.0048  1.0318  1.0076  1.0080  1.0100  1.0094 
1.1880  1.2354  1.2724  1.2589  1.2133  1.3656  1.3943  1.3429  1.2925  1.3484  1.3569  1.2108  1.4264  1.3955  1.2941  1.6208  1.2879  1.3568  1.5864  1.7537  1.7843  1.7575  1.4890  2.4812  2.6150  2.6571  1.3441  0.0000  1.6463  1.1800  1.5296  1.3251  1.0099  1.0083  1.0109  1.0068  1.0294  1.0146  1.0052  1.0042 
1.2604  1.3360  1.3427  1.2337  1.1717  1.5911  1.6111  1.4832  1.6022  1.5866  1.6937  1.3732  1.5919  1.6905  1.1185  1.4524  1.6156  1.6762  1.2233  1.3380  1.3601  1.4304  1.6146  1.5649  1.7128  1.6731  1.7043  1.6463  0.0000  1.3154  1.4259  1.7100  1.0308  1.0102  1.0316  1.0119  1.0064  1.0105  1.0062  1.0089 
1.0652  1.2007  1.1467  1.1126  1.1946  1.2204  1.3046  1.2724  1.1944  1.2096  1.2491  1.2151  1.1907  1.2692  1.1602  1.2266  1.1946  1.3572  1.1363  1.1952  1.2014  1.2200  1.2701  1.1676  1.2063  1.2082  1.2656  1.1800  1.3154  0.0000  1.0906  1.3051  1.0335  1.0079  1.0082  1.0073  1.0075  1.0269  1.0110  1.0139 
1.2573  1.3234  1.2952  1.2533  1.4261  1.2690  1.3114  1.2537  1.3210  1.3924  1.2571  1.2353  1.4332  1.4856  1.4892  1.5789  1.3211  1.4229  1.5615  1.6248  1.5837  1.5194  1.3273  1.5529  1.5886  1.5321  1.3373  1.5296  1.4259  1.0906  0.0000  1.4121  1.0072  1.0076  1.0116  1.0322  1.0082  1.0095  1.0114  1.0319 
1.2748  1.3376  1.2735  1.1365  1.1460  1.6644  1.7122  1.6852  1.6722  1.6980  1.7612  1.5619  1.6081  2.8379  1.1841  1.3744  1.6552  3.0269  1.1606  1.1794  1.1824  1.2785  1.4421  1.2868  1.3531  1.3404  1.5483  1.3251  1.7100  1.3051  1.4121  0.0000  1.0072  1.0085  1.0056  1.0039  1.0073  1.0083  1.0112  1.0119 
1.0092  1.0071  1.0103  1.0296  1.0120  1.0089  1.0065  1.0084  1.0056  1.0056  1.0060  1.0060  1.0087  1.0079  1.0353  1.0081  1.0070  1.0071  1.0304  1.0075  1.0279  1.0042  1.0085  1.0074  1.0080  1.0508  1.0071  1.0099  1.0308  1.0335  1.0072  1.0072  0.0000  1.0524  1.0236  1.0110  1.0120  1.0197  1.0067  1.0109 
1.0285  1.0077  1.0044  1.0064  1.0047  1.0095  1.0325  1.0330  1.0114  1.0101  1.0069  1.0104  1.0085  1.0103  1.0072  1.0055  1.0114  1.0090  1.0093  1.0085  1.0101  1.0110  1.0097  1.0080  1.0090  1.0058  1.0136  1.0083  1.0102  1.0079  1.0076  1.0085  1.0524  0.0000  1.0155  1.0108  1.0102  1.0129  1.0115  1.0202 
1.0051  1.0069  1.0063  1.0295  1.0064  1.0054  1.0069  1.0078  1.0052  1.0053  1.0103  1.0045  1.0063  1.0081  1.0067  1.0057  1.0067  1.0067  1.0121  1.0124  1.0115  1.0127  1.0089  1.0130  1.0111  1.0329  1.0048  1.0109  1.0316  1.0082  1.0116  1.0056  1.0236  1.0155  0.0000  1.0268  1.0143  1.0157  1.0070  1.0112 
1.0101  1.0104  1.0074  1.0509  1.0079  1.0056  1.0092  1.0094  1.0084  1.0100  1.0104  1.0051  1.0098  1.0308  1.0072  1.0127  1.0091  1.0069  1.0117  1.0113  1.0077  1.0265  1.0090  1.0279  1.0081  1.0083  1.0318  1.0068  1.0119  1.0073  1.0322  1.0039  1.0110  1.0108  1.0268  0.0000  1.0242  1.0181  1.0074  1.0093 
1.0125  1.0063  1.0063  1.0056  1.0045  1.0060  1.0081  1.0048  1.0114  1.0059  1.0163  1.0069  1.0056  1.0067  1.0306  1.0086  1.0090  1.0060  1.0102  1.0102  1.0095  1.0087  1.0074  1.0070  1.0060  1.0061  1.0076  1.0294  1.0064  1.0075  1.0082  1.0073  1.0120  1.0102  1.0143  1.0242  0.0000  1.0103  1.0097  1.0204 
1.0094  1.0123  1.0119  1.0348  1.0079  1.0088  1.0082  1.0053  1.0059  1.0117  1.0129  1.0064  1.0100  1.0058  1.0084  1.0097  1.0077  1.0067  1.0106  1.0129  1.0116  1.0077  1.0300  1.0093  1.0135  1.0099  1.0080  1.0146  1.0105  1.0269  1.0095  1.0083  1.0197  1.0129  1.0157  1.0181  1.0103  0.0000  1.0353  1.0070 
1.0094  1.0063  1.0295  1.0097  1.0313  1.0090  1.0287  1.0106  1.0045  1.0075  1.0085  1.0056  1.0066  1.0107  1.0065  1.0292  1.0073  1.0127  1.0124  1.0099  1.0102  1.0083  1.0066  1.0101  1.0082  1.0289  1.0100  1.0052  1.0062  1.0110  1.0114  1.0112  1.0067  1.0115  1.0070  1.0074  1.0097  1.0353  0.0000  1.0036 
1.0098  1.0298  1.0085  1.0117  1.0321  1.0110  1.0075  1.0056  1.0063  1.0080  1.0113  1.0132  1.0073  1.0348  1.0129  1.0107  1.0122  1.0141  1.0107  1.0092  1.0131  1.0070  1.0067  1.0079  1.0083  1.0063  1.0094  1.0042  1.0089  1.0139  1.0319  1.0119  1.0109  1.0202  1.0112  1.0093  1.0204  1.0070  1.0036  0.0000 
# New slice
0.0000  2.6179  2.5706  1.3807  1.2215  1.2632  1.2254  1.2251  1.1827  1.2460  1.2333  1.1767  1.2597  1.2377  1.1469  1.2828  1.1561  1.1724  1.2135  1.2087  1.2122  1.1256  1.2044  1.2174  1.1947  1.1281  1.2019  1.1220  1.1537  1.0640  1.1913  1.1149  1.0296  1.0137  1.0065  1.0072  1.0125  1.0069  1.0302  1.0072 
2.6179  0.0000  3.5439  1.4022  1.2190  1.3113  1.3714  1.3039  1.2846  1.3234  1.3739  1.2194  1.3356  1.2790  1.1455  1.2965  1.1632  1.3355  1.2838  1.2136  1.1855  1.2148  1.2721  1.2528  1.2310  1.1584  1.3387  1.1838  1.2142  1.1508  1.1932  1.2350  1.0067  1.0157  1.0056  1.0327  1.0088  1.0082  1.0286  1.0072 
2.5706  3.5439  0.0000  1.4154  1.2133  1.3109  1.2754  1.3096  1.2603  1.2619  1.2786  1.2542  1.2779  1.3157  1.2053  1.2687  1.1665  1.2462  1.2227  1.2526  1.1888  1.1072  1.2162  1.1437  1.1509  1.1393  1.1880  1.1591  1.1921  1.1748  1.2214  1.1794  1.0076  1.0134  1.0071  1.0080  1.0106  1.0069  1.0077  1.0499 
1.3807  1.4022  1.4154  0.0000  1.1943  1.1993  1.1720  1.2011  1.2011  1.1728  1.2486  1.1726  1.1602  1.2084  1.1567  1.3606  1.2573  1.1684  1.1958  1.1656  1.1985  1.1801  1.4117  1.1241  1.1530  1.1269  1.3192  1.1745  1.2373  1.0550  1.1917  1.1726  1.0070  1.0109  1.0322  1.0305  1.0095  1.0098  1.0092  1.0104 
1.2215  1.2190  1.2133  1.1943  0.0000  1.0727  1.0983  1.0722  1.1479  1.2417  1.1598  1.0904  1.2739  1.1188  1.7347  1.2456  1.1996  1.2497  1.4912  1.4537  1.4278  1.2982  1.1548  1.2622  1.2109  1.2405  1.1125  1.2310  1.1412  1.0626  1.3763  1.0980  1.0074  1.0122  1.0081  1.0078  1.0099  1.0350  1.0286  1.0064 
1.2632  1.3113  1.3109  1.1993  1.0727  0.0000  2.9236  2.7444  2.4667  2.7652  1.9949  1.9551  1.7138  1.6173  1.1236  1.5586  1.6543  1.5797  1.3373  1.3501  1.3034  1.2672  1.5826  1.3946  1.4135  1.4035  1.6383  1.4040  1.6170  1.2187  1.4209  1.5520  1.0083  1.0086  1.0060  1.0276  1.0320  1.0115  1.0113  1.0098 
1.2254  1.3714  1.2754  1.1720  1.0983  2.9236  0.0000  2.7037  2.9189  3.0064  1.9522  1.9738  1.6974  1.6374  1.1768  1.5369  1.6829  1.6718  1.2381  1.2820  1.2389  1.2826  1.6322  1.3735  1.3904  1.3872  1.7225  1.3350  1.5727  1.2543  1.3793  1.6191  1.0103  1.0099  1.0055  1.0079  1.0094  1.0073  1.0072  1.0076 
1.2251  1.3039  1.3096  1.2011  1.0722  2.7444  2.7037  0.0000  2.3754  2.7455  1.9489  1.8670  1.6445  1.5735  1.1503  1.4376  1.5985  1.6159  1.3003  1.2821  1.3689  1.2275  1.5734  1.3502  1.3409  1.3640  1.6891  1.3691  1.5466  1.2391  1.4502  1.5466  1.0097  1.0090  1.0053  1.0296  1.0072  1.0040  1.0074  1.0057 
1.1827  1.2846  1.2603  1.2011  1.1479  2.4667  2.9189  2.3754  0.0000  2.6741  2.0784  1.9557  1.7124  1.6762  1.1968  1.4558  1.7983  1.6428  1.2266  1.2348  1.2524  1.1786  1.6066  1.2782  1.3751  1.3220  1.7831  1.3320  1.6404  1.2642  1.4207  1.6036  1.0092  1.0119  1.0085  1.0092  1.0129  1.0278  1.0087  1.0040 
1.2460  1.3234  1.2619  1.1728  1.2417  2.7652  3.0064  2.7455  2.6741  0.0000  2.0112  1.9134  1.7070  1.6652  1.2042  1.4788  1.7695  1.6214  1.3367  1.3157  1.3349  1.2427  1.5906  1.3947  1.4188  1.4088  1.6832  1.4070  1.6032  1.2286  1.4423  1.6501  1.0091  1.0112  1.0059  1.0524  1.0075  1.0281  1.0083  1.0053 
1.2333  1.3739  1.2786  1.2486  1.1598  1.9949  1.9522  1.9489  2.0784  2.0112  0.0000  1.7722  1.8861  1.7506  1.2136  1.4524  1.8704  1.7485  1.3259  1.3724  1.3228  1.3289  1.6329  1.4857  1.4469  1.5108  1.7975  1.5159  1.6571  1.2019  1.4712  1.6670  1.0306  1.0147  1.0280  1.0290  1.0060  1.0046  1.0111  1.0091 
1.1767  1.2194  1.2542  1.1726  1.0904  1.9551  1.9738  1.8670  1.9557  1.9134  1.7722  0.0000  1.5619  1.5835  1.0773  1.3333  1.7483  1.5773  1.2330  1.2409  1.2503  1.2002  1.4514  1.3099  1.3339  1.3593  1.6212  1.3460  1.4921  1.2772  1.4110  1.4995  1.0127  1.0085  1.0265  1.0076  1.0069  1.0091  1.0066  1.0130 
1.2597  1.3356  1.2779  1.1602  1.2739  1.7138  1.6974  1.6445  1.7124  1.7070  1.8861  1.5619  0.0000  1.8600  1.1570  1.5700  1.7283  1.8766  1.4042  1.3842  1.3692  1.3982  1.5679  1.4231  1.4124  1.4328  1.6610  1.4477  1.6714  1.2503  1.5141  1.8276  1.0083  1.0044  1.0270  1.0028  1.0073  1.0072  1.0080  1.0057 
1.2377  1.2790  1.3157  1.2084  1.1188  1.6173  1.6374  1.5735  1.6762  1.6652  1.7506  1.5835  1.8600  0.0000  1.1662  1.3570  1.8174  2.4192  1.2436  1.2282  1.2849  1.2604  1.5012  1.3566  1.3343  1.4329  1.6485  1.4370  1.6865  1.2074  1.5418  2.6875  1.0053  1.0063  1.0038  1.0060  1.0066  1.0072  1.0112  1.0075 
1.1469  1.1455  1.2053  1.1567  1.7347  1.1236  1.1768  1.1503  1.1968  1.2042  1.2136  1.0773  1.1570  1.1662  0.0000  1.2850  1.1193  1.2106  1.6070  1.5859  1.5047  1.3572  1.0790  1.3157  1.2868  1.2222  1.1497  1.2387  1.2381  1.0886  1.5102  1.1427  1.0088  1.0117  1.0089  1.0076  1.0103  1.0160  1.0074  1.0094 
1.2828  1.2965  1.2687  1.3606  1.2456  1.5586  1.5369  1.4376  1.4558  1.4788  1.4524  1.3333  1.5700  1.3570  1.2850  0.0000  1.3512  1.4358  1.6673  1.6887  1.7142  1.6402  1.5915  1.8203  1.7952  1.7672  1.3657  1.7051  1.6056  1.1912  1.7345  1.3087  1.0283  1.0303  1.0084  1.0286  1.0067  1.0069  1.0092  1.0328 
1.1561  1.1632  1.1665  1.2573  1.1996  1.6543  1.6829  1.5985  1.7983  1.7695  1.8704  1.7483  1.7283  1.8174  1.1193  1.3512  0.0000  1.7480  1.2747  1.2209  1.2046  1.2538  1.6013  1.3313  1.3677  1.3179  2.0324  1.3648  1.6828  1.2846  1.3140  1.8002  1.0076  1.0322  1.0103  1.0054  1.0081  1.0296  1.0098  1.0068 
1.1724  1.3355  1.2462  1.1684  1.2497  1.5797  1.6718  1.6159  1.6428  1.6214  1.7485  1.5773  1.8766  2.4192  1.2106  1.4358  1.7480  0.0000  1.2096  1.2511  1.2729  1.3138  1.5544  1.4819  1.4156  1.3807  1.6059  1.4478  1.5593  1.2338  1.5032  2.8401  1.0075  1.0087  1.0024  1.0082  1.0065  1.0050  1.0091  1.0078 
1.2135  1.2838  1.2227  1.1958  1.4912  1.3373  1.2381  1.3003  1.2266  1.3367  1.3259  1.2330  1.4042  1.2436  1.6070  1.6673  1.2747  1.2096  0.0000  3.6186  3.0368  1.7241  1.4004  1.9360  1.8255  1.7560  1.2553  1.7972  1.3821  1.1329  1.7845  1.2639  1.0285  1.0054  1.0065  1.0289  1.0070  1.0289  1.0297  1.0070 
1.2087  1.2136  1.2526  1.1656  1.4537  1.3501  1.2820  1.2821  1.2348  1.3157  1.3724  1.2409  1.3842  1.2282  1.5859  1.6887  1.2209  1.2511  3.6186  0.0000  3.7519  1.7542  1.4592  2.0145  1.8920  1.8388  1.2657  1.8455  1.4384  1.1135  1.6821  1.2826  1.0059  1.0041  1.0328  1.0098  1.0096  1.0060  1.0282  1.0103 
1.2122  1.1855  1.1888  1.1985  1.4278  1.3034  1.2389  1.3689  1.2524  1.3349  1.3228  1.2503  1.3692  1.2849  1.5047  1.7142  1.2046  1.2729  3.0368  3.7519  0.0000  1.7957  1.4562  2.1246  2.0004  1.9771  1.2833  1.9451  1.4742  1.1115  1.7050  1.2390  1.0066  1.0081  1.0078  1.0094  1.0089  1.0105  1.0288  1.0089 
1.1256  1.2148  1.1072  1.1801  1.2982  1.2672  1.2826  1.2275  1.1786  1.2427  1.3289  1.2002  1.3982  1.2604  1.3572  1.6402  1.2538  1.3138  1.7241  1.7542  1.7957  0.0000  1.4898  2.1322  1.9308  1.9766  1.2775  1.9136  1.4997  1.1338  1.5994  1.3817  1.0298  1.0089  1.0066  1.0068  1.0072  1.0110  1.0053  1.0083 
1.2044  1.2721  1.2162  1.4117  1.1548  1.5826  1.6322  1.5734  1.6066  1.5906  1.6329  1.4514  1.5679  1.5012  1.0790  1.5915  1.6013  1.5544  1.4004  1.4592  1.4562  1.4898  0.0000  1.5267  1.5353  1.5371  1.7605  1.5694  1.7498  1.1972  1.4186  1.5877  1.0498  1.0288  1.0321  1.0052  1.0099  1.0067  1.0094  1.0047 
1.2174  1.2528  1.1437  1.1241  1.2622  1.3946  1.3735  1.3502  1.2782  1.3947  1.4857  1.3099  1.4231  1.3566  1.3157  1.8203  1.3313  1.4819  1.9360  2.0145  2.1246  2.1322  1.5267  0.0000  3.5802  3.2516  1.4389  2.8310  1.7526  1.2272  1.6516  1.4079  1.0297  1.0114  1.0268  1.0062  1.0075  1.0074  1.0048  1.0073 
1.1947  1.2310  1.1509  1.1530  1.2109  1.4135  1.3904  1.3409  1.3751  1.4188  1.4469  1.3339  1.4124  1.3343  1.2868  1.7952  1.3677  1.4156  1.8255  1.8920  2.0004  1.9308  1.5353  3.5802  0.0000  2.9821  1.4245  3.4402  1.8184  1.2074  1.7000  1.3539  1.0095  1.0060  1.0100  1.0039  1.0091  1.0297  1.0057  1.0091 
1.1281  1.1584  1.1393  1.1269  1.2405  1.4035  1.3872  1.3640  1.3220  1.4088  1.5108  1.3593  1.4328  1.4329  1.2222  1.7672  1.3179  1.3807  1.7560  1.8388  1.9771  1.9766  1.5371  3.2516  2.9821  0.0000  1.4255  2.7660  1.8147  1.2056  1.6110  1.3466  1.0040  1.0044  1.0098  1.0057  1.0084  1.0069  1.0078  1.0063 
1.2019  1.3387  1.1880  1.3192  1.1125  1.6383  1.7225  1.6891  1.7831  1.6832  1.7975  1.6212  1.6610  1.6485  1.1497  1.3657  2.0324  1.6059  1.2553  1.2657  1.2833  1.2775  1.7605  1.4389  1.4245  1.4255  0.0000  1.4604  1.7138  1.3299  1.2320  1.6233  1.0082  1.0072  1.0069  1.0036  1.0064  1.0053  1.0095  1.0050 
1.1220  1.1838  1.1591  1.1745  1.2310  1.4040  1.3350  1.3691  1.3320  1.4070  1.5159  1.3460  1.4477  1.4370  1.2387  1.7051  1.3648  1.4478  1.7972  1.8455  1.9451  1.9136  1.5694  2.8310  3.4402  2.7660  1.4604  0.0000  1.8683  1.2391  1.5689  1.4531  1.0094  1.0065  1.0102  1.0071  1.0094  1.0308  1.0076  1.0066 
1.1537  1.2142  1.1921  1.2373  1.1412  1.6170  1.5727  1.5466  1.6404  1.6032  1.6571  1.4921  1.6714  1.6865  1.2381  1.6056  1.6828  1.5593  1.3821  1.4384  1.4742  1.4997  1.7498  1.7526  1.8184  1.8147  1.7138  1.8683  0.0000  1.3821  1.5546  1.5500  1.0075  1.0069  1.0048  1.0049  1.0076  1.0307  1.0111  1.0067 
1.0640  1.1508  1.1748  1.0550  1.0626  1.2187  1.2543  1.2391  1.2642  1.2286  1.2019  1.2772  1.2503  1.2074  1.0886  1.1912  1.2846  1.2338  1.1329  1.1135  1.1115  1.1338  1.1972  1.2272  1.2074  1.2056  1.3299  1.2391  1.3821  0.0000  1.2203  1.2356  1.0080  1.0084  1.0067  1.0071  1.0067  1.0116  1.0055  1.0307 
1.1913  1.1932  1.2214  1.1917  1.3763  1.4209  1.3793  1.4502  1.4207  1.4423  1.4712  1.4110  1.5141  1.5418  1.5102  1.7345  1.3140  1.5032  1.7845  1.6821  1.7050  1.5994  1.4186  1.6516  1.7000  1.6110  1.2320  1.5689  1.5546  1.2203  0.0000  1.4740  1.0261  1.0264  1.0049  1.0281  1.0113  1.0324  1.0285  1.0094 
1.1149  1.2350  1.1794  1.1726  1.0980  1.5520  1.6191  1.5466  1.6036  1.6501  1.6670  1.4995  1.8276  2.6875  1.1427  1.3087  1.8002  2.8401  1.2639  1.2826  1.2390  1.3817  1.5877  1.4079  1.3539  1.3466  1.6233  1.4531  1.5500  1.2356  1.4740  0.0000  1.0090  1.0071  1.0031  1.0086  1.0078  1.0057  1.0129  1.0065 
1.0296  1.0067  1.0076  1.0070  1.0074  1.0083  1.0103  1.0097  1.0092  1.0091  1.0306  1.0127  1.0083  1.0053  1.0088  1.0283  1.0076  1.0075  1.0285  1.0059  1.0066  1.0298  1.0498  1.0297  1.0095  1.0040  1.0082  1.0094  1.0075  1.0080  1.0261  1.0090  0.0000  1.0384  1.0132  1.0140  1.0052  1.0098  1.0059  1.0059 
1.0137  1.0157  1.0134  1.0109  1.0122  1.0086  1.0099  1.0090  1.0119  1.0112  1.0147  1.0085  1.0044  1.0063  1.0117  1.0303  1.0322  1.0087  1.0054  1.0041  1.0081  1.0089  1.0288  1.0114  1.0060  1.0044  1.0072  1.0065  1.0069  1.0084  1.0264  1.0071  1.0384  0.0000  1.0081  1.0067  1.0092  1.0124  1.0087  1.0042 
1.0065  1.0056  1.0071  1.0322  1.0081  1.0060  1.0055  1.0053  1.0085  1.0059  1.0280  1.0265  1.0270  1.0038  1.0089  1.0084  1.0103  1.0024  1.0065  1.0328  1.0078  1.0066  1.0321  1.0268  1.0100  1.0098  1.0069  1.0102  1.0048  1.0067  1.0049  1.0031  1.0132  1.0081  0.0000  1.0101  1.0090  1.0124  1.0062  1.0141 
1.0072  1.0327  1.0080  1.0305  1.0078  1.0276  1.0079  1.0296  1.0092  1.0524  1.0290  1.0076  1.0028  1.0060  1.0076  1.0286  1.0054  1.0082  1.0289  1.0098  1.0094  1.0068  1.0052  1.0062  1.0039  1.0057  1.0036  1.0071  1.0049  1.0071  1.0281  1.0086  1.0140  1.0067  1.0101  0.0000  1.0192  1.0093  1.0078  1.0084 
1.0125  1.0088  1.0106  1.0095  1.0099  1.0320  1.0094  1.0072  1.0129  1.0075  1.0060  1.0069  1.0073  1.0066  1.0103  1.0067  1.0081  1.0065  1.0070  1.0096  1.0089  1.0072  1.0099  1.0075  1.0091  1.0084  1.0064  1.0094  1.0076  1.0067  1.0113  1.0078  1.0052  1.0092  1.0090  1.0192  0.0000  1.0112  1.0152  1.0130 
1.0069  1.0082  1.0069  1.0098  1.0350  1.0115  1.0073  1.0040  1.0278  1.0281  1.0046  1.0091  1.0072  1.0072  1.0160  1.0069  1.0296  1.0050  1.0289  1.0060  1.0105  1.0110  1.0067  1.0074  1.0297  1.0069  1.0053  1.0308  1.0307  1.0116  1.0324  1.0057  1.0098  1.0124  1.0124  1.0093  1.0112  0.0000  1.0331  1.0064 
1.0302  1.0286  1.0077  1.0092  1.0286  1.0113  1.0072  1.0074  1.0087  1.0083  1.0111  1.0066  1.0080  1.0112  1.0074  1.0092  1.0098  1.0091  1.0297  1.0282  1.0288  1.0053  1.0094  1.0048  1.0057  1.0078  1.0095  1.0076  1.0111  1.0055  1.0285  1.0129  1.0059  1.0087  1.0062  1.0078  1.0152  1.0331  0.0000  1.0059 
1.0072  1.0072  1.0499  1.0104  1.0064  1.0098  1.0076  1.0057  1.0040  1.0053  1.0091  1.0130  1.0057  1.0075  1.0094  1.0328  1.0068  1.0078  1.0070  1.0103  1.0089  1.0083  1.0047  1.0073  1.0091  1.0063  1.0050  1.0066  1.0067  1.0307  1.0094  1.0065  1.0059  1.0042  1.0141  1.0084  1.0130  1.0064  1.0059  0.0000 
# New slice
0.0000  2.4877  2.3862  1.3218  1.2375  1.3792  1.2493  1.2492  1.1986  1.2717  1.2081  1.1715  1.3703  1.2142  1.2220  1.2613  1.1347  1.2575  1.2949  1.2426  1.2092  1.1532  1.2545  1.1560  1.1653  1.2068  1.2201  1.1886  1.1775  1.2191  1.1871  1.1814  1.0077  1.0096  1.0060  1.0066  1.0107  1.0070  1.0098  1.0154 
2.4877  0.0000  2.8365  1.3323  1.2569  1.3655  1.3360  1.3257  1.3133  1.3576  1.2636  1.2183  1.3529  1.2008  1.2448  1.4204  1.2077  1.2812  1.2570  1.2928  1.2354  1.0780  1.2734  1.1417  1.2369  1.2454  1.2379  1.2309  1.2558  1.1748  1.2208  1.2283  1.0090  1.0086  1.0065  1.0286  1.0120  1.0082  1.0103  1.0173 
2.3862  2.8365  0.0000  1.3777  1.2206  1.3307  1.2962  1.3282  1.2454  1.2930  1.2595  1.1852  1.3806  1.2716  1.2443  1.3376  1.2146  1.3492  1.2574  1.2309  1.1480  1.1272  1.2073  1.1593  1.2284  1.1519  1.2342  1.2242  1.2773  1.1736  1.2218  1.2325  1.0104  1.0099  1.0045  1.0051  1.0065  1.0047  1.0081  1.0352 
1.3218  1.3323  1.3777  0.0000  1.2002  1.3333  1.3441  1.3297  1.3362  1.3590  1.2924  1.2740  1.2469  1.2491  1.2031  1.2868  1.2076  1.2070  1.1928  1.2260  1.2033  1.1420  1.2734  1.1129  1.1337  1.2002  1.2723  1.2709  1.2012  1.1624  1.2185  1.2073  1.0090  1.0323  1.0052  1.0062  1.0054  1.0059  1.0324  1.0178 
1.2375  1.2569  1.2206  1.2002  0.0000  1.1761  1.0940  1.0967  1.1459  1.1200  1.1266  1.1246  1.1602  1.0992  1.7333  1.3046  1.1438  1.2146  1.3076  1.2738  1.3079  1.1453  1.0859  1.2119  1.1666  1.1980  1.1205  1.1917  1.1240  1.1211  1.2950  1.1527  1.0095  1.0071  1.0067  1.0095  1.0058  1.0297  1.0067  1.0095 
1.3792  1.3655  1.3307  1.3333  1.1761  0.0000  2.6384  2.6379  2.5276  2.5971  2.0498  1.8095  1.6507  1.6547  1.1801  1.5348  1.6902  1.6287  1.2189  1.2670  1.2974  1.2756  1.7569  1.3850  1.4548  1.3368  1.8518  1.5610  1.6772  1.3488  1.4592  1.5306  1.0309  1.0310  1.0055  1.0048  1.0065  1.0092  1.0093  1.0074 
1.2493  1.3360  1.2962  1.3441  1.0940  2.6384  0.0000  2.8750  2.4491  2.8786  2.1693  1.8151  1.7741  1.6923  1.1566  1.5372  1.7134  1.6785  1.3423  1.3269  1.3288  1.3545  1.7893  1.4045  1.4977  1.3695  1.8405  1.5797  1.7615  1.2607  1.4245  1.6200  1.0070  1.0127  1.0332  1.0031  1.0078  1.0079  1.0067  1.0087 
1.2492  1.3257  1.3282  1.3297  1.0967  2.6379  2.8750  0.0000  2.5088  2.5803  2.0739  1.7236  1.6948  1.6462  1.1878  1.6301  1.6699  1.6507  1.2844  1.2368  1.3297  1.3230  1.7651  1.3985  1.4932  1.4359  1.8144  1.5902  1.7655  1.2708  1.4341  1.5819  1.0043  1.0088  1.0317  1.0054  1.0047  1.0317  1.0091  1.0061 
1.1986  1.3133  1.2454  1.3362  1.1459  2.5276  2.4491  2.5088  0.0000  2.7030  2.0772  1.8113  1.6949  1.6884  1.1444  1.5489  1.7999  1.6677  1.2603  1.3423  1.2737  1.3046  1.8074  1.4263  1.4982  1.4230  2.1065  1.5691  1.7634  1.3400  1.4233  1.6049  1.0106  1.0092  1.0113  1.0048  1.0069  1.0048  1.0074  1.0079 
1.2717  1.3576  1.2930  1.3590  1.1200  2.5971  2.8786  2.5803  2.7030  0.0000  2.2049  1.8351  1.7308  1.6975  1.1259  1.5981  1.7641  1.6935  1.2105  1.2267  1.2836  1.3593  1.7247  1.3883  1.4651  1.4217  1.8718  1.5608  1.7514  1.1964  1.4202  1.6521  1.0284  1.0071  1.0082  1.0039  1.0077  1.0069  1.0050  1.0079 
1.2081  1.2636  1.2595  1.2924  1.1266  2.0498  2.1693  2.0739  2.0772  2.2049  0.0000  1.8554  1.9142  1.6538  1.1554  1.6036  1.8022  1.6652  1.2520  1.2372  1.3240  1.4040  1.6790  1.4650  1.5159  1.4332  1.8370  1.4796  1.7495  1.2604  1.3789  1.6233  1.0080  1.0316  1.0096  1.0042  1.0072  1.0080  1.0045  1.0085 
1.1715  1.2183  1.1852  1.2740  1.1246  1.8095  1.8151  1.7236  1.8113  1.8351  1.8554  0.0000  1.6081  1.6208  1.2702  1.2986  1.7012  1.4804  1.1685  1.2097  1.2273  1.2631  1.5508  1.3209  1.3405  1.3160  1.7046  1.3723  1.4614  1.2988  1.4420  1.4670  1.0082  1.0111  1.0088  1.0322  1.0062  1.0291  1.0079  1.0061 
1.3703  1.3529  1.3806  1.2469  1.1602  1.6507  1.7741  1.6948  1.6949  1.7308  1.9142  1.6081  0.0000  1.7973  1.2895  1.6325  1.6972  1.7943  1.2635  1.3499  1.3393  1.4024  1.5896  1.3904  1.5682  1.4622  1.5926  1.5485  1.7074  1.3076  1.6076  1.7836  1.0084  1.0108  1.0084  1.0094  1.0092  1.0305  1.0087  1.0138 
1.2142  1.2008  1.2716  1.2491  1.0992  1.6547  1.6923  1.6462  1.6884  1.6975  1.6538  1.6208  1.7973  0.0000  1.1893  1.3866  1.7999  2.7634  1.2124  1.2502  1.2049  1.2340  1.5508  1.4035  1.4688  1.3605  1.6438  1.4391  1.6897  1.2221  1.4734  2.4779  1.0120  1.0299  1.0088  1.0068  1.0074  1.0057  1.0061  1.0093 
1.2220  1.2448  1.2443  1.2031  1.7333  1.1801  1.1566  1.1878  1.1444  1.1259  1.1554  1.2702  1.2895  1.1893  0.0000  1.3257  1.2095  1.2019  1.5613  1.5842  1.4565  1.2256  1.1954  1.2184  1.2071  1.2640  1.1011  1.1569  1.0757  1.0926  1.5262  1.1354  1.0088  1.0061  1.0081  1.0056  1.0089  1.0066  1.0097  1.0056 
1.2613  1.4204  1.3376  1.2868  1.3046  1.5348  1.5372  1.6301  1.5489  1.5981  1.6036  1.2986  1.6325  1.3866  1.3257  0.0000  1.3368  1.3807  1.5769  1.6426  1.6333  1.6270  1.5602  1.6013  1.6960  1.5283  1.4429  1.6331  1.5552  1.2064  1.7234  1.3834  1.0293  1.0091  1.0271  1.0105  1.0074  1.0070  1.0076  1.0341 
1.1347  1.2077  1.2146  1.2076  1.1438  1.6902  1.7134  1.6699  1.7999  1.7641  1.8022  1.7012  1.6972  1.7999  1.2095  1.3368  0.0000  1.7511  1.1245  1.1585  1.1994  1.2025  1.6082  1.1673  1.2772  1.2271  1.9537  1.2540  1.6751  1.2353  1.2491  1.7730  1.0067  1.0305  1.0080  1.0056  1.0079  1.0087  1.0058  1.0079 
1.2575  1.2812  1.3492  1.2070  1.2146  1.6287  1.6785  1.6507  1.6677  1.6935  1.6652  1.4804  1.7943  2.7634  1.2019  1.3807  1.7511  0.0000  1.2526  1.2300  1.2756  1.3042  1.5239  1.3785  1.4573  1.4126  1.6208  1.4965  1.7566  1.2462  1.4496  3.0623  1.0102  1.0144  1.0051  1.0057  1.0093  1.0092  1.0074  1.0092 
1.2949  1.2570  1.2574  1.1928  1.3076  1.2189  1.3423  1.2844  1.2603  1.2105  1.2520  1.1685  1.2635  1.2124  1.5613  1.5769  1.1245  1.2526  0.0000  3.0882  2.3071  1.4896  1.2875  1.6414  1.6662  1.5549  1.2057  1.5429  1.3570  1.2420  1.5976  1.2436  1.0292  1.0115  1.0278  1.0082  1.0275  1.0107  1.0296  1.0079 
1.2426  1.2928  1.2309  1.2260  1.2738  1.2670  1.3269  1.2368  1.3423  1.2267  1.2372  1.2097  1.3499  1.2502  1.5842  1.6426  1.1585  1.2300  3.0882  0.0000  3.0784  1.6009  1.3071  1.7785  1.6509  1.5783  1.2751  1.5968  1.3823  1.1874  1.5856  1.2165  1.0287  1.0127  1.0284  1.0091  1.0090  1.0338  1.0318  1.0299 
1.2092  1.2354  1.1480  1.2033  1.3079  1.2974  1.3288  1.3297  1.2737  1.2836  1.3240  1.2273  1.3393  1.2049  1.4565  1.6333  1.1994  1.2756  2.3071  3.0784  0.0000  1.5798  1.2393  1.8344  1.7361  1.7422  1.2963  1.7144  1.3790  1.2246  1.5381  1.2631  1.0083  1.0091  1.0067  1.0107  1.0093  1.0082  1.0304  1.0090 
1.1532  1.0780  1.1272  1.1420  1.1453  1.2756  1.3545  1.3230  1.3046  1.3593  1.4040  1.2631  1.4024  1.2340  1.2256  1.6270  1.2025  1.3042  1.4896  1.6009  1.5798  0.0000  1.3639  1.9234  1.7492  1.6959  1.2777  1.7942  1.4552  1.1562  1.3677  1.2625  1.0092  1.0089  1.0050  1.0044  1.0084  1.0094  1.0341  1.0069 
1.2545  1.2734  1.2073  1.2734  1.0859  1.7569  1.7893  1.7651  1.8074  1.7247  1.6790  1.5508  1.5896  1.5508  1.1954  1.5602  1.6082  1.5239  1.2875  1.3071  1.2393  1.3639  0.0000  1.4319  1.5232  1.4597  1.7930  1.5645  1.7328  1.2924  1.3474  1.4440  1.0040  1.0119  1.0068  1.0129  1.0056  1.0055  1.0103  1.0075 
1.1560  1.1417  1.1593  1.1129  1.2119  1.3850  1.4045  1.3985  1.4263  1.3883  1.4650  1.3209  1.3904  1.4035  1.2184  1.6013  1.1673  1.3785  1.6414  1.7785  1.8344  1.9234  1.4319  0.0000  2.2132  2.4896  1.3684  2.2953  1.6176  1.1935  1.5287  1.3616  1.0265  1.0059  1.0083  1.0065  1.0327  1.0074  1.0071  1.0101 
1.1653  1.2369  1.2284  1.1337  1.1666  1.4548  1.4977  1.4932  1.4982  1.4651  1.5159  1.3405  1.5682  1.4688  1.2071  1.6960  1.2772  1.4573  1.6662  1.6509  1.7361  1.7492  1.5232  2.2132  0.0000  2.4217  1.4657  2.5376  1.7919  1.2463  1.6092  1.4580  1.0053  1.0546  1.0055  1.0076  1.0065  1.0291  1.0133  1.0310 
1.2068  1.2454  1.1519  1.2002  1.1980  1.3368  1.3695  1.4359  1.4230  1.4217  1.4332  1.3160  1.4622  1.3605  1.2640  1.5283  1.2271  1.4126  1.5549  1.5783  1.7422  1.6959  1.4597  2.4896  2.4217  0.0000  1.4049  2.3447  1.7184  1.2337  1.4987  1.4256  1.0060  1.0090  1.0052  1.0082  1.0076  1.0059  1.0126  1.0096 
1.2201  1.2379  1.2342  1.2723  1.1205  1.8518  1.8405  1.8144  2.1065  1.8718  1.8370  1.7046  1.5926  1.6438  1.1011  1.4429  1.9537  1.6208  1.2057  1.2751  1.2963  1.2777  1.7930  1.3684  1.4657  1.4049  0.0000  1.5043  1.8938  1.3328  1.3765  1.6235  1.0103  1.0075  1.0066  1.0068  1.0057  1.0080  1.0070  1.0072 
1.1886  1.2309  1.2242  1.2709  1.1917  1.5610  1.5797  1.5902  1.5691  1.5608  1.4796  1.3723  1.5485  1.4391  1.1569  1.6331  1.2540  1.4965  1.5429  1.5968  1.7144  1.7942  1.5645  2.2953  2.5376  2.3447  1.5043  0.0000  1.7861  1.1838  1.5847  1.4679  1.0053  1.0309  1.0065  1.0078  1.0062  1.0044  1.0076  1.0075 
1.1775  1.2558  1.2773  1.2012  1.1240  1.6772  1.7615  1.7655  1.7634  1.7514  1.7495  1.4614  1.7074  1.6897  1.0757  1.5552  1.6751  1.7566  1.3570  1.3823  1.3790  1.4552  1.7328  1.6176  1.7919  1.7184  1.8938  1.7861  0.0000  1.3750  1.5482  1.7129  1.0082  1.0069  1.0302  1.0069  1.0115  1.0080  1.0130  1.0093 
1.2191  1.1748  1.1736  1.1624  1.1211  1.3488  1.2607  1.2708  1.3400  1.1964  1.2604  1.2988  1.3076  1.2221  1.0926  1.2064  1.2353  1.2462  1.2420  1.1874  1.2246  1.1562  1.2924  1.1935  1.2463  1.2337  1.3328  1.1838  1.3750  0.0000  1.3355  1.2365  1.0290  1.0110  1.0075  1.0122  1.0128  1.0129  1.0098  1.0093 
1.1871  1.2208  1.2218  1.2185  1.2950  1.4592  1.4245  1.4341  1.4233  1.4202  1.3789  1.4420  1.6076  1.4734  1.5262  1.7234  1.2491  1.4496  1.5976  1.5856  1.5381  1.3677  1.3474  1.5287  1.6092  1.4987  1.3765  1.5847  1.5482  1.3355  0.0000  1.5173  1.0528  1.0083  1.0064  1.0070  1.0078  1.0351  1.0101  1.0079 
1.1814  1.2283  1.2325  1.2073  1.1527  1.5306  1.6200  1.5819  1.6049  1.6521  1.6233  1.4670  1.7836  2.4779  1.1354  1.3834  1.7730  3.0623  1.2436  1.2165  1.2631  1.2625  1.4440  1.3616  1.4580  1.4256  1.6235  1.4679  1.7129  1.2365  1.5173  0.0000  1.0315  1.0072  1.0091  1.0063  1.0057  1.0080  1.0048  1.0097 
1.0077  1.0090  1.0104  1.0090  1.0095  1.0309  1.0070  1.0043  1.0106  1.0284  1.0080  1.0082  1.0084  1.0120  1.0088  1.0293  1.0067  1.0102  1.0292  1.0287  1.0083  1.0092  1.0040  1.0265  1.0053  1.0060  1.0103  1.0053  1.0082  1.0290  1.0528  1.0315  0.0000  1.0404  1.0084  1.0106  1.0093  1.0093  1.0081  1.0058 
1.0096  1.0086  1.0099  1.0323  1.0071  1.0310  1.0127  1.0088  1.0092  1.0071  1.0316  1.0111  1.0108  1.0299  1.0061  1.0091  1.0305  1.0144  1.0115  1.0127  1.0091  1.0089  1.0119  1.0059  1.0546  1.0090  1.0075  1.0309  1.0069  1.0110  1.0083  1.0072  1.0404  0.0000  1.0088  1.0086  1.0137  1.0083  1.0087  1.0083 
1.0060  1.0065  1.0045  1.0052  1.0067  1.0055  1.0332  1.0317  1.0113  1.0082  1.0096  1.0088  1.0084  1.0088  1.0081  1.0271  1.0080  1.0051  1.0278  1.0284  1.0067  1.0050  1.0068  1.0083  1.0055  1.0052  1.0066  1.0065  1.0302  1.0075  1.0064  1.0091  1.0084  1.0088  0.0000  1.0115  1.0089  1.0092  1.0075  1.0200 
1.0066  1.0286  1.0051  1.0062  1.0095  1.0048  1.0031  1.0054  1.0048  1.0039  1.0042  1.0322  1.0094  1.0068  1.0056  1.0105  1.0056  1.0057  1.0082  1.0091  1.0107  1.0044  1.0129  1.0065  1.0076  1.0082  1.0068  1.0078  1.0069  1.0122  1.0070  1.0063  1.0106  1.0086  1.0115  0.0000  1.0147  1.0092  1.0074  1.0114 
1.0107  1.0120  1.0065  1.0054  1.0058  1.0065  1.0078  1.0047  1.0069  1.0077  1.0072  1.0062  1.0092  1.0074  1.0089  1.0074  1.0079  1.0093  1.0275  1.0090  1.0093  1.0084  1.0056  1.0327  1.0065  1.0076  1.0057  1.0062  1.0115  1.0128  1.0078  1.0057  1.0093  1.0137  1.0089  1.0147  0.0000  1.0169  1.0098  1.0117 
1.0070  1.0082  1.0047  1.0059  1.0297  1.0092  1.0079  1.0317  1.0048  1.0069  1.0080  1.0291  1.0305  1.0057  1.0066  1.0070  1.0087  1.0092  1.0107  1.0338  1.0082  1.0094  1.0055  1.0074  1.0291  1.0059  1.0080  1.0044  1.0080  1.0129  1.0351  1.0080  1.0093  1.0083  1.0092  1.0092  1.0169  0.0000  1.0180  1.0072 
1.0098  1.0103  1.0081  1.0324  1.0067  1.0093  1.0067  1.0091  1.0074  1.0050  1.0045  1.0079  1.0087  1.0061  1.0097  1.0076  1.0058  1.0074  1.0296  1.0318  1.0304  1.0341  1.0103  1.0071  1.0133  1.0126  1.0070  1.0076  1.0130  1.0098  1.0101  1.0048  1.0081  1.0087  1.0075  1.0074  1.0098  1.0180  0.0000  1.0080 
1.0154  1.0173  1.0352  1.0178  1.0095  1.0074  1.0087  1.0061  1.0079  1.0079  1.0085  1.0061  1.0138  1.0093  1.0056  1.0341  1.0079  1.0092  1.0079  1.0299  1.0090  1.0069  1.0075  1.0101  1.0310  1.0096  1.0072  1.0075  1.0093  1.0093  1.0079  1.0097  1.0058  1.0083  1.0200  1.0114  1.0117  1.0072  1.0080  0.0000 
# New slice
0.0000  2.2558  2.2706  1.2182  1.1306  1.2109  1.1880  1.2795  1.2073  1.2426  1.1410  1.2246  1.1798  1.1441  1.1105  1.1048  1.2097  1.2057  1.2531  1.1986  1.1669  1.1886  1.1393  1.1730  1.1670  1.1644  1.1607  1.1395  1.2177  1.1624  1.1758  1.1499  1.0090  1.0040  1.0314  1.0081  1.0089  1.0095  1.0087  1.0067 
2.2558  0.0000  3.1173  1.2847  1.1015  1.3055  1.2492  1.2783  1.2035  1.2149  1.1401  1.1823  1.2053  1.2171  1.1396  1.2120  1.2009  1.2556  1.1711  1.1203  1.1235  1.1993  1.1902  1.1348  1.1546  1.1215  1.2416  1.1821  1.1240  1.1918  1.1880  1.1977  1.0079  1.0040  1.0107  1.0067  1.0052  1.0141  1.0105  1.0081 
2.2706  3.1173  0.0000  1.2941  1.1346  1.2186  1.2278  1.2578  1.2110  1.2494  1.2294  1.1828  1.2757  1.1919  1.0914  1.1910  1.1467  1.2292  1.1726  1.1200  1.1787  1.1741  1.1938  1.1907  1.1578  1.1777  1.1913  1.1824  1.1780  1.1097  1.2108  1.2024  1.0080  1.0068  1.0328  1.0097  1.0071  1.0119  1.0099  1.0078 
1.2182  1.2847  1.2941  0.0000  1.0850  1.2394  1.3141  1.3046  1.2062  1.2198  1.1981  1.2634  1.2463  1.1833  1.1877  1.3280  1.1788  1.1475  1.1628  1.1386  1.1433  1.1146  1.3089  1.1789  1.2208  1.2145  1.1703  1.2476  1.1554  1.1440  1.1845  1.2719  1.0374  1.0052  1.0073  1.0267  1.0280  1.0327  1.0077  1.0325 
