# Array shape: (45, 40, 40)
0.0000  3.9730  3.7742  1.7212  1.8027  1.9141  1.4540  1.2569  1.7023  1.3360  1.5214  1.5191  1.4771  1.5152  1.9208  1.7897  1.5888  1.4724  1.4791  1.4451  1.4472  1.1358  1.6145  1.4699  1.5570  1.0137  1.7117  1.6374  1.7311  1.4975  1.6428  1.5687  1.0066  1.0079  1.0272  1.0098  1.0060  1.0090  1.0045  1.0342 
3.9730  0.0000  4.1692  1.7277  1.8763  1.9603  1.4847  1.2459  1.7960  1.3251  1.5511  1.4538  1.5060  1.5430  1.9338  1.8235  1.6582  1.4999  1.4509  1.4038  1.4061  1.1349  1.6699  1.4519  1.5722  1.0115  1.7853  1.6413  1.8017  1.4595  1.6248  1.5538  1.0071  1.0103  1.0294  1.0308  1.0066  1.0093  1.0054  1.0339 
3.7742  4.1692  0.0000  1.7295  1.8074  1.9979  1.5441  1.2732  1.8040  1.3610  1.4728  1.3803  1.4645  1.4599  1.9482  1.8251  1.6521  1.4589  1.4447  1.3980  1.3988  1.1123  1.6686  1.4994  1.5586  1.0394  1.7740  1.6226  1.7867  1.4428  1.6260  1.5551  1.0077  1.0095  1.0089  1.0091  1.0046  1.0080  1.0036  1.0336 
1.7212  1.7277  1.7295  0.0000  1.3620  1.5647  1.3275  1.3000  1.3117  1.2209  1.2780  1.2737  1.2461  1.2726  1.4746  1.4357  1.3469  1.2798  1.2586  1.3096  1.3496  1.0733  1.3751  1.2966  1.4276  1.0365  1.4540  1.3609  1.4738  1.3032  1.3376  1.3071  1.0108  1.0106  1.0077  1.0052  1.0097  1.0046  1.0057  1.0095 
1.8027  1.8763  1.8074  1.3620  0.0000  1.7103  1.9021  1.2061  2.3189  1.5681  1.7107  1.5913  1.6945  1.7045  2.0517  2.4015  1.8968  1.7022  1.3290  1.4375  1.4344  1.1938  1.7797  1.4964  1.7059  1.0696  2.1051  1.7485  2.0620  1.5917  1.8521  1.6402  1.0091  1.0063  1.0078  1.0078  1.0339  1.0066  1.0110  1.0297 
1.9141  1.9603  1.9979  1.5647  1.7103  0.0000  1.6524  1.2399  1.5902  1.3779  1.4807  1.4158  1.4352  1.4733  1.6504  1.5916  1.4591  1.4719  1.2772  1.3336  1.3320  1.1200  1.4613  1.4270  1.4302  1.0446  1.5770  1.4316  1.5871  1.3747  1.4357  1.4222  1.0302  1.0068  1.0056  1.0107  1.0277  1.0077  1.0045  1.0087 
1.4540  1.4847  1.5441  1.3275  1.9021  1.6524  0.0000  1.1027  1.9457  2.0095  1.5309  1.7068  1.5264  1.5260  1.5187  1.5728  1.6514  1.5267  1.2896  1.2652  1.2642  1.1745  1.3842  1.3560  1.3334  1.1191  1.7072  1.4992  1.7026  1.3943  1.6167  1.5288  1.0065  1.0077  1.0059  1.0074  1.0069  1.0070  1.0077  1.0099 
1.2569  1.2459  1.2732  1.3000  1.2061  1.2399  1.1027  0.0000  1.1915  1.0384  1.1767  1.1207  1.1467  1.1746  1.2301  1.1906  1.2103  1.1765  1.1574  1.2797  1.2460  1.0761  1.1717  1.1597  1.1731  1.0660  1.1879  1.2216  1.2199  1.1517  1.1797  1.1693  1.0073  1.0084  1.0081  1.0098  1.0060  1.0072  1.0088  1.0101 
1.7023  1.7960  1.8040  1.3117  2.3189  1.5902  1.9457  1.1915  0.0000  1.6722  1.9064  1.7527  1.8888  1.8924  1.8288  2.0880  2.0434  1.8897  1.2407  1.4235  1.4181  1.1191  1.6906  1.4894  1.6889  1.0437  2.0896  1.7533  2.0659  1.6166  2.0037  1.7857  1.0085  1.0098  1.0055  1.0122  1.0102  1.0083  1.0099  1.0106 
1.3360  1.3251  1.3610  1.2209  1.5681  1.3779  2.0095  1.0384  1.6722  0.0000  1.5554  1.8905  1.5514  1.5629  1.3896  1.3993  1.6018  1.5562  1.2034  1.1943  1.1941  1.1100  1.2738  1.2565  1.1873  1.0670  1.5081  1.3966  1.4594  1.4043  1.5926  1.5259  1.0074  1.0062  1.0027  1.0073  1.0078  1.0315  1.0083  1.0094 
1.5214  1.5511  1.4728  1.2780  1.7107  1.4807  1.5309  1.1767  1.9064  1.5554  0.0000  1.6554  4.8825  4.4466  1.5748  1.5981  2.0633  5.1478  1.2246  1.3806  1.3759  1.1731  1.4301  1.4157  1.4011  1.0662  1.7041  1.5041  1.6927  1.5728  2.1001  2.0575  1.0093  1.0084  1.0054  1.0121  1.0078  1.0046  1.0095  1.0357 
1.5191  1.4538  1.3803  1.2737  1.5913  1.4158  1.7068  1.1207  1.7527  1.8905  1.6554  0.0000  1.6200  1.6631  1.4816  1.4670  1.5605  1.7031  1.2752  1.2536  1.2543  1.1441  1.3763  1.3613  1.3625  1.1167  1.6058  1.4608  1.5452  1.3656  1.5592  1.4849  1.0322  1.0047  1.0103  1.0303  1.0115  1.0057  1.0087  1.0317 
1.4771  1.5060  1.4645  1.2461  1.6945  1.4352  1.5264  1.1467  1.8888  1.5514  4.8825  1.6200  0.0000  5.0674  1.5684  1.5789  2.0814  4.7989  1.2498  1.3438  1.3381  1.1481  1.4316  1.3756  1.3972  1.0956  1.6940  1.5373  1.6752  1.5349  2.1762  2.0704  1.0077  1.0090  1.0054  1.0113  1.0062  1.0069  1.0099  1.0343 
1.5152  1.5430  1.4599  1.2726  1.7045  1.4733  1.5260  1.1746  1.8924  1.5629  4.4466  1.6631  5.0674  0.0000  1.5686  1.5876  2.0671  5.1748  1.2239  1.3782  1.3722  1.1461  1.4307  1.4157  1.4058  1.0692  1.7042  1.5492  1.6939  1.5737  2.1526  2.0414  1.0084  1.0070  1.0047  1.0108  1.0072  1.0060  1.0298  1.0325 
1.9208  1.9338  1.9482  1.4746  2.0517  1.6504  1.5187  1.2301  1.8288  1.3896  1.5748  1.4816  1.5684  1.5686  0.0000  2.2510  1.7303  1.5699  1.3738  1.6799  1.6810  1.0976  2.1518  1.5825  1.9333  1.1462  2.0010  1.7903  1.9570  1.5368  1.6938  1.6249  1.0091  1.0079  1.0045  1.0067  1.0082  1.0066  1.0085  1.0115 
1.7897  1.8235  1.8251  1.4357  2.4015  1.5916  1.5728  1.1906  2.0880  1.3993  1.5981  1.4670  1.5789  1.5876  2.2510  0.0000  1.8997  1.5902  1.3396  1.5776  1.5695  1.0640  2.0006  1.4777  1.9308  1.0848  2.3301  1.8693  2.2326  1.6272  1.8467  1.7119  1.0067  1.0067  1.0110  1.0332  1.0098  1.0094  1.0043  1.0138 
1.5888  1.6582  1.6521  1.3469  1.8968  1.4591  1.6514  1.2103  2.0434  1.6018  2.0633  1.5605  2.0814  2.0671  1.7303  1.8997  0.0000  2.0685  1.2450  1.3731  1.3684  1.0852  1.6545  1.5029  1.5731  1.0985  2.2343  1.8732  2.1585  1.8337  4.5897  2.5833  1.0057  1.0044  1.0060  1.0090  1.0073  1.0095  1.0097  1.0108 
1.4724  1.4999  1.4589  1.2798  1.7022  1.4719  1.5267  1.1765  1.8897  1.5562  5.1478  1.7031  4.7989  5.1748  1.5699  1.5902  2.0685  0.0000  1.2181  1.3421  1.3366  1.1474  1.4310  1.3721  1.4013  1.0956  1.7053  1.5369  1.6946  1.5310  2.1612  2.0403  1.0081  1.0079  1.0049  1.0108  1.0060  1.0047  1.0105  1.0330 
1.4791  1.4509  1.4447  1.2586  1.3290  1.2772  1.2896  1.1574  1.2407  1.2034  1.2246  1.2752  1.2498  1.2239  1.3738  1.3396  1.2450  1.2181  0.0000  1.2857  1.2542  1.1289  1.2721  1.3720  1.3371  1.0319  1.3432  1.3201  1.3058  1.2356  1.2108  1.2362  1.0051  1.0102  1.0119  1.0074  1.0104  1.0070  1.0083  1.0117 
1.4451  1.4038  1.3980  1.3096  1.4375  1.3336  1.2652  1.2797  1.4235  1.1943  1.3806  1.2536  1.3438  1.3782  1.6799  1.5776  1.3731  1.3421  1.2857  0.0000  5.7350  1.1089  1.9208  1.4193  1.6363  1.0697  1.5297  1.5111  1.5158  1.3488  1.3273  1.3049  1.0075  1.0106  1.0105  1.0083  1.0328  1.0086  1.0092  1.0322 
1.4472  1.4061  1.3988  1.3496  1.4344  1.3320  1.2642  1.2460  1.4181  1.1941  1.3759  1.2543  1.3381  1.3722  1.6810  1.5695  1.3684  1.3366  1.2542  5.7350  0.0000  1.0815  1.9397  1.4441  1.6416  1.0686  1.5203  1.5113  1.5074  1.3426  1.3231  1.2968  1.0081  1.0100  1.0101  1.0090  1.0337  1.0081  1.0086  1.0331 
1.1358  1.1349  1.1123  1.0733  1.1938  1.1200  1.1745  1.0761  1.1191  1.1100  1.1731  1.1441  1.1481  1.1461  1.0976  1.0640  1.0852  1.1474  1.1289  1.1089  1.0815  0.0000  1.1101  1.2651  1.1394  1.5937  1.1544  1.1469  1.1500  1.0469  1.0852  1.0377  1.0329  1.0085  1.0096  1.0322  1.0052  1.0091  1.0090  1.0069 
1.6145  1.6699  1.6686  1.3751  1.7797  1.4613  1.3842  1.1717  1.6906  1.2738  1.4301  1.3763  1.4316  1.4307  2.1518  2.0006  1.6545  1.4310  1.2721  1.9208  1.9397  1.1101  0.0000  1.5064  2.2873  1.1706  1.8780  1.7614  1.8324  1.5023  1.6177  1.4739  1.0111  1.0053  1.0119  1.0098  1.0108  1.0070  1.0046  1.0124 
1.4699  1.4519  1.4994  1.2966  1.4964  1.4270  1.3560  1.1597  1.4894  1.2565  1.4157  1.3613  1.3756  1.4157  1.5825  1.4777  1.5029  1.3721  1.3720  1.4193  1.4441  1.2651  1.5064  0.0000  1.3851  1.0475  1.5028  1.4943  1.4864  1.3774  1.4497  1.4308  1.0097  1.0098  1.0085  1.0131  1.0049  1.0087  1.0097  1.0077 
1.5570  1.5722  1.5586  1.4276  1.7059  1.4302  1.3334  1.1731  1.6889  1.1873  1.4011  1.3625  1.3972  1.4058  1.9333  1.9308  1.5731  1.4013  1.3371  1.6363  1.6416  1.1394  2.2873  1.3851  0.0000  1.0855  1.8775  1.9134  1.8624  1.5109  1.5522  1.4756  1.0280  1.0084  1.0100  1.0325  1.0092  1.0054  1.0070  1.0383 
1.0137  1.0115  1.0394  1.0365  1.0696  1.0446  1.1191  1.0660  1.0437  1.0670  1.0662  1.1167  1.0956  1.0692  1.1462  1.0848  1.0985  1.0956  1.0319  1.0697  1.0686  1.5937  1.1706  1.0475  1.0855  0.0000  1.0868  1.0654  1.0367  1.1226  1.1042  1.0922  1.0082  1.0055  1.0086  1.0074  1.0073  1.0079  1.0067  1.0076 
1.7117  1.7853  1.7740  1.4540  2.1051  1.5770  1.7072  1.1879  2.0896  1.5081  1.7041  1.6058  1.6940  1.7042  2.0010  2.3301  2.2343  1.7053  1.3432  1.5297  1.5203  1.1544  1.8780  1.5028  1.8775  1.0868  0.0000  2.1222  4.6990  1.8016  2.0785  1.8877  1.0073  1.0093  1.0115  1.0086  1.0097  1.0297  1.0280  1.0119 
1.6374  1.6413  1.6226  1.3609  1.7485  1.4316  1.4992  1.2216  1.7533  1.3966  1.5041  1.4608  1.5373  1.5492  1.7903  1.8693  1.8732  1.5369  1.3201  1.5111  1.5113  1.1469  1.7614  1.4943  1.9134  1.0654  2.1222  0.0000  2.1722  1.9813  1.8648  1.6958  1.0096  1.0058  1.0085  1.0107  1.0092  1.0308  1.0083  1.0329 
1.7311  1.8017  1.7867  1.4738  2.0620  1.5871  1.7026  1.2199  2.0659  1.4594  1.6927  1.5452  1.6752  1.6939  1.9570  2.2326  2.1585  1.6946  1.3058  1.5158  1.5074  1.1500  1.8324  1.4864  1.8624  1.0367  4.6990  2.1722  0.0000  1.8257  2.0295  1.8316  1.0084  1.0095  1.0123  1.0109  1.0084  1.0307  1.0082  1.0132 
1.4975  1.4595  1.4428  1.3032  1.5917  1.3747  1.3943  1.1517  1.6166  1.4043  1.5728  1.3656  1.5349  1.5737  1.5368  1.6272  1.8337  1.5310  1.2356  1.3488  1.3426  1.0469  1.5023  1.3774  1.5109  1.1226  1.8016  1.9813  1.8257  0.0000  1.8444  1.8092  1.0082  1.0074  1.0071  1.0096  1.0061  1.0085  1.0095  1.0316 
1.6428  1.6248  1.6260  1.3376  1.8521  1.4357  1.6167  1.1797  2.0037  1.5926  2.1001  1.5592  2.1762  2.1526  1.6938  1.8467  4.5897  2.1612  1.2108  1.3273  1.3231  1.0852  1.6177  1.4497  1.5522  1.1042  2.0785  1.8648  2.0295  1.8444  0.0000  2.7115  1.0043  1.0084  1.0057  1.0075  1.0077  1.0071  1.0064  1.0129 
1.5687  1.5538  1.5551  1.3071  1.6402  1.4222  1.5288  1.1693  1.7857  1.5259  2.0575  1.4849  2.0704  2.0414  1.6249  1.7119  2.5833  2.0403  1.2362  1.3049  1.2968  1.0377  1.4739  1.4308  1.4756  1.0922  1.8877  1.6958  1.8316  1.8092  2.7115  0.0000  1.0044  1.0056  1.0072  1.0064  1.0077  1.0100  1.0069  1.0110 
1.0066  1.0071  1.0077  1.0108  1.0091  1.0302  1.0065  1.0073  1.0085  1.0074  1.0093  1.0322  1.0077  1.0084  1.0091  1.0067  1.0057  1.0081  1.0051  1.0075  1.0081  1.0329  1.0111  1.0097  1.0280  1.0082  1.0073  1.0096  1.0084  1.0082  1.0043  1.0044  0.0000  1.0214  1.0288  1.0131  1.0108  1.0097  1.0118  1.0128 
1.0079  1.0103  1.0095  1.0106  1.0063  1.0068  1.0077  1.0084  1.0098  1.0062  1.0084  1.0047  1.0090  1.0070  1.0079  1.0067  1.0044  1.0079  1.0102  1.0106  1.0100  1.0085  1.0053  1.0098  1.0084  1.0055  1.0093  1.0058  1.0095  1.0074  1.0084  1.0056  1.0214  0.0000  1.0107  1.0315  1.0095  1.0074  1.0066  1.0097 
1.0272  1.0294  1.0089  1.0077  1.0078  1.0056  1.0059  1.0081  1.0055  1.0027  1.0054  1.0103  1.0054  1.0047  1.0045  1.0110  1.0060  1.0049  1.0119  1.0105  1.0101  1.0096  1.0119  1.0085  1.0100  1.0086  1.0115  1.0085  1.0123  1.0071  1.0057  1.0072  1.0288  1.0107  0.0000  1.0073  1.0139  1.0069  1.0098  1.0033 
1.0098  1.0308  1.0091  1.0052  1.0078  1.0107  1.0074  1.0098  1.0122  1.0073  1.0121  1.0303  1.0113  1.0108  1.0067  1.0332  1.0090  1.0108  1.0074  1.0083  1.0090  1.0322  1.0098  1.0131  1.0325  1.0074  1.0086  1.0107  1.0109  1.0096  1.0075  1.0064  1.0131  1.0315  1.0073  0.0000  1.0340  1.0053  1.0145  1.0099 
1.0060  1.0066  1.0046  1.0097  1.0339  1.0277  1.0069  1.0060  1.0102  1.0078  1.0078  1.0115  1.0062  1.0072  1.0082  1.0098  1.0073  1.0060  1.0104  1.0328  1.0337  1.0052  1.0108  1.0049  1.0092  1.0073  1.0097  1.0092  1.0084  1.0061  1.0077  1.0077  1.0108  1.0095  1.0139  1.0340  0.0000  1.0097  1.0080  1.0047 
1.0090  1.0093  1.0080  1.0046  1.0066  1.0077  1.0070  1.0072  1.0083  1.0315  1.0046  1.0057  1.0069  1.0060  1.0066  1.0094  1.0095  1.0047  1.0070  1.0086  1.0081  1.0091  1.0070  1.0087  1.0054  1.0079  1.0297  1.0308  1.0307  1.0085  1.0071  1.0100  1.0097  1.0074  1.0069  1.0053  1.0097  0.0000  1.0137  1.0070 
1.0045  1.0054  1.0036  1.0057  1.0110  1.0045  1.0077  1.0088  1.0099  1.0083  1.0095  1.0087  1.0099  1.0298  1.0085  1.0043  1.0097  1.0105  1.0083  1.0092  1.0086  1.0090  1.0046  1.0097  1.0070  1.0067  1.0280  1.0083  1.0082  1.0095  1.0064  1.0069  1.0118  1.0066  1.0098  1.0145  1.0080  1.0137  0.0000  1.0174 
1.0342  1.0339  1.0336  1.0095  1.0297  1.0087  1.0099  1.0101  1.0106  1.0094  1.0357  1.0317  1.0343  1.0325  1.0115  1.0138  1.0108  1.0330  1.0117  1.0322  1.0331  1.0069  1.0124  1.0077  1.0383  1.0076  1.0119  1.0329  1.0132  1.0316  1.0129  1.0110  1.0128  1.0097  1.0033  1.0099  1.0047  1.0070  1.0174  0.0000 
# New slice
0.0000  4.3416  3.9313  1.9046  1.9569  1.8148  1.7322  1.4411  1.7661  1.4720  1.5239  1.6549  1.4817  1.5256  1.9586  1.8739  1.6078  1.5046  1.3868  1.5134  1.5526  1.0944  1.6402  1.6476  1.5428  1.1075  1.7452  1.5791  1.7730  1.4811  1.6397  1.6069  1.0070  1.0068  1.0056  1.0087  1.0062  1.0357  1.0289  1.0041 
4.3416  0.0000  4.9923  1.9377  2.0091  1.8960  1.7661  1.4378  1.7771  1.4762  1.5232  1.6463  1.4793  1.5233  1.9382  1.8550  1.6542  1.5032  1.3759  1.5054  1.5484  1.0935  1.6332  1.6660  1.5408  1.1612  1.7427  1.6248  1.7694  1.5284  1.6463  1.6120  1.0077  1.0070  1.0079  1.0085  1.0061  1.0116  1.0308  1.0038 
3.9313  4.9923  0.0000  1.9354  1.9704  1.9230  1.7753  1.4346  1.8264  1.4396  1.5584  1.6527  1.5134  1.5581  1.9561  1.8176  1.6648  1.5376  1.4033  1.5149  1.5617  1.0930  1.5993  1.6296  1.5834  1.1614  1.8020  1.6258  1.8299  1.5337  1.6974  1.6180  1.0083  1.0047  1.0067  1.0077  1.0072  1.0129  1.0098  1.0035 
1.9046  1.9377  1.9354  0.0000  1.5209  1.9028  1.4924  1.4398  1.4344  1.3581  1.3601  1.4647  1.3949  1.3624  1.4916  1.4934  1.4432  1.3559  1.3693  1.2755  1.3088  1.1284  1.3292  1.4921  1.4090  1.0652  1.4256  1.3733  1.4381  1.3534  1.4442  1.3893  1.0114  1.0050  1.0303  1.0062  1.0102  1.0066  1.0265  1.0083 
1.9569  2.0091  1.9704  1.5209  0.0000  1.6600  1.9478  1.3367  2.4085  1.6100  1.6917  1.7742  1.6847  1.6952  2.2683  2.4841  1.9450  1.6756  1.3072  1.6419  1.6559  1.0864  1.8675  1.6106  1.7820  1.1616  2.1473  1.7885  2.1636  1.6116  1.9208  1.7587  1.0068  1.0073  1.0083  1.0084  1.0047  1.0078  1.0118  1.0101 
1.8148  1.8960  1.9230  1.9028  1.6600  0.0000  1.6533  1.3764  1.5115  1.3822  1.3253  1.4462  1.3197  1.3282  1.6178  1.5320  1.4161  1.2892  1.3576  1.3378  1.3712  1.0932  1.4296  1.3943  1.4051  1.1676  1.4842  1.4727  1.4961  1.4363  1.4154  1.4154  1.0094  1.0301  1.0077  1.0083  1.0088  1.0091  1.0070  1.0104 
1.7322  1.7661  1.7753  1.4924  1.9478  1.6533  0.0000  1.2610  2.0140  1.8986  1.6212  1.8088  1.5710  1.6158  1.6997  1.7212  1.7297  1.6060  1.3813  1.4351  1.4317  1.1114  1.5245  1.3744  1.5845  1.0812  1.7535  1.5954  1.7629  1.5384  1.7131  1.6095  1.0070  1.0077  1.0076  1.0067  1.0088  1.0083  1.0348  1.0057 
1.4411  1.4378  1.4346  1.4398  1.3367  1.3764  1.2610  0.0000  1.2652  1.1563  1.3428  1.2132  1.3420  1.3118  1.3526  1.3325  1.2637  1.2803  1.2114  1.2791  1.2789  1.2174  1.2099  1.3600  1.2068  1.1364  1.3226  1.3566  1.3257  1.3392  1.2347  1.2913  1.0114  1.0103  1.0062  1.0117  1.0105  1.0086  1.0048  1.0084 
1.7661  1.7771  1.8264  1.4344  2.4085  1.5115  2.0140  1.2652  0.0000  1.7303  1.8726  1.8467  1.8541  1.8571  1.9194  2.3941  2.2007  1.8553  1.3137  1.5291  1.5313  1.1435  1.7707  1.5381  1.8063  1.1145  2.2472  1.8384  2.3348  1.6564  2.1255  1.9036  1.0085  1.0093  1.0062  1.0055  1.0041  1.0082  1.0099  1.0281 
1.4720  1.4762  1.4396  1.3581  1.6100  1.3822  1.8986  1.1563  1.7303  0.0000  1.5565  1.9385  1.5489  1.5010  1.5311  1.5946  1.5846  1.5071  1.2966  1.3965  1.3612  1.1131  1.4780  1.3545  1.4743  1.1107  1.5764  1.4762  1.5793  1.4614  1.5737  1.4666  1.0325  1.0064  1.0046  1.0049  1.0071  1.0127  1.0132  1.0307 
1.5239  1.5232  1.5584  1.3601  1.6917  1.3253  1.6212  1.3428  1.8726  1.5565  0.0000  1.7189  4.5568  4.9493  1.5758  1.7066  2.2406  4.7167  1.2682  1.3560  1.3595  1.1015  1.5222  1.4858  1.4758  1.0698  1.8248  1.6289  1.8413  1.6745  2.1691  2.1776  1.0057  1.0270  1.0280  1.0075  1.0076  1.0283  1.0096  1.0064 
1.6549  1.6463  1.6527  1.4647  1.7742  1.4462  1.8088  1.2132  1.8467  1.9385  1.7189  0.0000  1.7133  1.6963  1.6698  1.6642  1.7851  1.7011  1.3574  1.4652  1.4642  1.1157  1.5432  1.4528  1.5725  1.1359  1.7199  1.5646  1.7330  1.4975  1.7719  1.6328  1.0250  1.0089  1.0075  1.0071  1.0061  1.0128  1.0103  1.0105 
1.4817  1.4793  1.5134  1.3949  1.6847  1.3197  1.5710  1.3420  1.8541  1.5489  4.5568  1.7133  0.0000  5.1012  1.5769  1.7094  2.1519  5.2962  1.2779  1.3550  1.3570  1.0999  1.5239  1.4809  1.4801  1.0709  1.8113  1.6242  1.8379  1.6700  2.1412  2.1561  1.0072  1.0281  1.0271  1.0066  1.0082  1.0303  1.0088  1.0061 
1.5256  1.5233  1.5581  1.3624  1.6952  1.3282  1.6158  1.3118  1.8571  1.5010  4.9493  1.6963  5.1012  0.0000  1.5867  1.7120  2.2459  5.1063  1.2729  1.3578  1.3611  1.0748  1.5253  1.4505  1.4798  1.0678  1.8201  1.6244  1.8464  1.6734  2.1705  2.1855  1.0075  1.0067  1.0285  1.0082  1.0106  1.0077  1.0072  1.0058 
1.9586  1.9382  1.9561  1.4916  2.2683  1.6178  1.6997  1.3526  1.9194  1.5311  1.5758  1.6698  1.5769  1.5867  0.0000  2.3566  1.8207  1.5687  1.3087  1.8288  1.8943  1.0557  2.1696  1.7164  1.9019  1.0543  1.9830  1.6959  2.0182  1.5562  1.8024  1.6910  1.0053  1.0069  1.0111  1.0070  1.0035  1.0273  1.0388  1.0084 
1.8739  1.8550  1.8176  1.4934  2.4841  1.5320  1.7212  1.3325  2.3941  1.5946  1.7066  1.6642  1.7094  1.7120  2.3566  0.0000  2.0307  1.6995  1.2952  1.6165  1.6714  1.0561  2.1356  1.6126  2.1148  1.1354  2.5912  1.8940  2.6586  1.6592  1.9957  1.8196  1.0078  1.0092  1.0052  1.0067  1.0061  1.0076  1.0340  1.0068 
1.6078  1.6542  1.6648  1.4432  1.9450  1.4161  1.7297  1.2637  2.2007  1.5846  2.2406  1.7851  2.1519  2.2459  1.8207  2.0307  0.0000  2.1476  1.3320  1.4970  1.5035  1.1455  1.7262  1.5611  1.7214  1.1180  2.3838  1.9892  2.4792  1.8966  5.0475  2.6558  1.0083  1.0326  1.0057  1.0051  1.0095  1.0058  1.0076  1.0071 
1.5046  1.5032  1.5376  1.3559  1.6756  1.2892  1.6060  1.2803  1.8553  1.5071  4.7167  1.7011  5.2962  5.1063  1.5687  1.6995  2.1476  0.0000  1.2730  1.3512  1.3542  1.1012  1.5238  1.4774  1.4762  1.0708  1.8204  1.6218  1.8372  1.6716  2.1462  2.1767  1.0073  1.0064  1.0294  1.0056  1.0082  1.0094  1.0115  1.0049 
1.3868  1.3759  1.4033  1.3693  1.3072  1.3576  1.3813  1.2114  1.3137  1.2966  1.2682  1.3574  1.2779  1.2729  1.3087  1.2952  1.3320  1.2730  0.0000  1.2208  1.2140  1.1854  1.2481  1.5049  1.2400  1.1361  1.2733  1.3096  1.3024  1.2286  1.3302  1.2379  1.0062  1.0065  1.0092  1.0082  1.0076  1.0133  1.0079  1.0053 
1.5134  1.5054  1.5149  1.2755  1.6419  1.3378  1.4351  1.2791  1.5291  1.3965  1.3560  1.4652  1.3550  1.3578  1.8288  1.6165  1.4970  1.3512  1.2208  0.0000  5.7073  1.0788  2.0129  1.4822  1.6885  1.1534  1.6410  1.5041  1.6060  1.4627  1.4847  1.4270  1.0075  1.0080  1.0053  1.0061  1.0043  1.0052  1.0130  1.0273 
1.5526  1.5484  1.5617  1.3088  1.6559  1.3712  1.4317  1.2789  1.5313  1.3612  1.3595  1.4642  1.3570  1.3611  1.8943  1.6714  1.5035  1.3542  1.2140  5.7073  0.0000  1.0819  2.0661  1.4681  1.6528  1.1001  1.6554  1.4784  1.6215  1.4675  1.4940  1.4379  1.0068  1.0081  1.0056  1.0082  1.0048  1.0058  1.0100  1.0272 
1.0944  1.0935  1.0930  1.1284  1.0864  1.0932  1.1114  1.2174  1.1435  1.1131  1.1015  1.1157  1.0999  1.0748  1.0557  1.0561  1.1455  1.1012  1.1854  1.0788  1.0819  0.0000  1.0828  1.1870  1.1436  1.6083  1.0654  1.1214  1.0395  1.0963  1.0952  1.0691  1.0075  1.0079  1.0069  1.0089  1.0103  1.0110  1.0267  1.0056 
1.6402  1.6332  1.5993  1.3292  1.8675  1.4296  1.5245  1.2099  1.7707  1.4780  1.5222  1.5432  1.5239  1.5253  2.1696  2.1356  1.7262  1.5238  1.2481  2.0129  2.0661  1.0828  0.0000  1.4875  2.2001  1.1017  1.9751  1.7398  1.9699  1.5859  1.7182  1.5798  1.0074  1.0291  1.0074  1.0095  1.0090  1.0106  1.0305  1.0274 
1.6476  1.6660  1.6296  1.4921  1.6106  1.3943  1.3744  1.3600  1.5381  1.3545  1.4858  1.4528  1.4809  1.4505  1.7164  1.6126  1.5611  1.4774  1.5049  1.4822  1.4681  1.1870  1.4875  0.0000  1.4037  1.1267  1.5478  1.4701  1.5569  1.4025  1.5384  1.4471  1.0103  1.0115  1.0074  1.0067  1.0096  1.0086  1.0075  1.0087 
1.5428  1.5408  1.5834  1.4090  1.7820  1.4051  1.5845  1.2068  1.8063  1.4743  1.4758  1.5725  1.4801  1.4798  1.9019  2.1148  1.7214  1.4762  1.2400  1.6885  1.6528  1.1436  2.2001  1.4037  0.0000  1.1252  2.0086  1.9776  2.0557  1.6850  1.7092  1.6081  1.0089  1.0056  1.0300  1.0065  1.0061  1.0072  1.0090  1.0535 
1.1075  1.1612  1.1614  1.0652  1.1616  1.1676  1.0812  1.1364  1.1145  1.1107  1.0698  1.1359  1.0709  1.0678  1.0543  1.1354  1.1180  1.0708  1.1361  1.1534  1.1001  1.6083  1.1017  1.1267  1.1252  0.0000  1.1139  1.1219  1.1138  1.1305  1.1231  1.0750  1.0119  1.0125  1.0068  1.0096  1.0086  1.0093  1.0067  1.0297 
1.7452  1.7427  1.8020  1.4256  2.1473  1.4842  1.7535  1.3226  2.2472  1.5764  1.8248  1.7199  1.8113  1.8201  1.9830  2.5912  2.3838  1.8204  1.2733  1.6410  1.6554  1.0654  1.9751  1.5478  2.0086  1.1139  0.0000  2.1602  5.3552  1.8802  2.3362  1.9908  1.0117  1.0085  1.0099  1.0049  1.0070  1.0071  1.0080  1.0067 
1.5791  1.6248  1.6258  1.3733  1.7885  1.4727  1.5954  1.3566  1.8384  1.4762  1.6289  1.5646  1.6242  1.6244  1.6959  1.8940  1.9892  1.6218  1.3096  1.5041  1.4784  1.1214  1.7398  1.4701  1.9776  1.1219  2.1602  0.0000  2.2078  2.1804  1.9945  1.8534  1.0099  1.0087  1.0063  1.0069  1.0116  1.0295  1.0067  1.0083 
1.7730  1.7694  1.8299  1.4381  2.1636  1.4961  1.7629  1.3257  2.3348  1.5793  1.8413  1.7330  1.8379  1.8464  2.0182  2.6586  2.4792  1.8372  1.3024  1.6060  1.6215  1.0395  1.9699  1.5569  2.0557  1.1138  5.3552  2.2078  0.0000  1.8768  2.3633  2.0185  1.0096  1.0068  1.0078  1.0054  1.0057  1.0079  1.0097  1.0071 
1.4811  1.5284  1.5337  1.3534  1.6116  1.4363  1.5384  1.3392  1.6564  1.4614  1.6745  1.4975  1.6700  1.6734  1.5562  1.6592  1.8966  1.6716  1.2286  1.4627  1.4675  1.0963  1.5859  1.4025  1.6850  1.1305  1.8802  2.1804  1.8768  0.0000  1.9530  1.9590  1.0071  1.0106  1.0069  1.0044  1.0089  1.0088  1.0531  1.0095 
1.6397  1.6463  1.6974  1.4442  1.9208  1.4154  1.7131  1.2347  2.1255  1.5737  2.1691  1.7719  2.1412  2.1705  1.8024  1.9957  5.0475  2.1462  1.3302  1.4847  1.4940  1.0952  1.7182  1.5384  1.7092  1.1231  2.3362  1.9945  2.3633  1.9530  0.0000  3.0752  1.0096  1.0306  1.0076  1.0047  1.0076  1.0075  1.0083  1.0069 
1.6069  1.6120  1.6180  1.3893  1.7587  1.4154  1.6095  1.2913  1.9036  1.4666  2.1776  1.6328  2.1561  2.1855  1.6910  1.8196  2.6558  2.1767  1.2379  1.4270  1.4379  1.0691  1.5798  1.4471  1.6081  1.0750  1.9908  1.8534  2.0185  1.9590  3.0752  0.0000  1.0105  1.0341  1.0089  1.0089  1.0326  1.0089  1.0096  1.0073 
1.0070  1.0077  1.0083  1.0114  1.0068  1.0094  1.0070  1.0114  1.0085  1.0325  1.0057  1.0250  1.0072  1.0075  1.0053  1.0078  1.0083  1.0073  1.0062  1.0075  1.0068  1.0075  1.0074  1.0103  1.0089  1.0119  1.0117  1.0099  1.0096  1.0071  1.0096  1.0105  0.0000  1.0098  1.0300  1.0114  1.0040  1.0050  1.0092  1.0069 
1.0068  1.0070  1.0047  1.0050  1.0073  1.0301  1.0077  1.0103  1.0093  1.0064  1.0270  1.0089  1.0281  1.0067  1.0069  1.0092  1.0326  1.0064  1.0065  1.0080  1.0081  1.0079  1.0291  1.0115  1.0056  1.0125  1.0085  1.0087  1.0068  1.0106  1.0306  1.0341  1.0098  0.0000  1.0111  1.0415  1.0132  1.0089  1.0108  1.0072 
1.0056  1.0079  1.0067  1.0303  1.0083  1.0077  1.0076  1.0062  1.0062  1.0046  1.0280  1.0075  1.0271  1.0285  1.0111  1.0052  1.0057  1.0294  1.0092  1.0053  1.0056  1.0069  1.0074  1.0074  1.0300  1.0068  1.0099  1.0063  1.0078  1.0069  1.0076  1.0089  1.0300  1.0111  0.0000  1.0070  1.0096  1.0081  1.0060  1.0101 
1.0087  1.0085  1.0077  1.0062  1.0084  1.0083  1.0067  1.0117  1.0055  1.0049  1.0075  1.0071  1.0066  1.0082  1.0070  1.0067  1.0051  1.0056  1.0082  1.0061  1.0082  1.0089  1.0095  1.0067  1.0065  1.0096  1.0049  1.0069  1.0054  1.0044  1.0047  1.0089  1.0114  1.0415  1.0070  0.0000  1.0215  1.0098  1.0080  1.0075 
1.0062  1.0061  1.0072  1.0102  1.0047  1.0088  1.0088  1.0105  1.0041  1.0071  1.0076  1.0061  1.0082  1.0106  1.0035  1.0061  1.0095  1.0082  1.0076  1.0043  1.0048  1.0103  1.0090  1.0096  1.0061  1.0086  1.0070  1.0116  1.0057  1.0089  1.0076  1.0326  1.0040  1.0132  1.0096  1.0215  0.0000  1.0165  1.0051  1.0070 
1.0357  1.0116  1.0129  1.0066  1.0078  1.0091  1.0083  1.0086  1.0082  1.0127  1.0283  1.0128  1.0303  1.0077  1.0273  1.0076  1.0058  1.0094  1.0133  1.0052  1.0058  1.0110  1.0106  1.0086  1.0072  1.0093  1.0071  1.0295  1.0079  1.0088  1.0075  1.0089  1.0050  1.0089  1.0081  1.0098  1.0165  0.0000  1.0123  1.0049 
1.0289  1.0308  1.0098  1.0265  1.0118  1.0070  1.0348  1.0048  1.0099  1.0132  1.0096  1.0103  1.0088  1.0072  1.0388  1.0340  1.0076  1.0115  1.0079  1.0130  1.0100  1.0267  1.0305  1.0075  1.0090  1.0067  1.0080  1.0067  1.0097  1.0531  1.0083  1.0096  1.0092  1.0108  1.0060  1.0080  1.0051  1.0123  0.0000  1.0093 
1.0041  1.0038  1.0035  1.0083  1.0101  1.0104  1.0057  1.0084  1.0281  1.0307  1.0064  1.0105  1.0061  1.0058  1.0084  1.0068  1.0071  1.0049  1.0053  1.0273  1.0272  1.0056  1.0274  1.0087  1.0535  1.0297  1.0067  1.0083  1.0071  1.0095  1.0069  1.0073  1.0069  1.0072  1.0101  1.0075  1.0070  1.0049  1.0093  0.0000 
# New slice
0.0000  3.7359  3.3254  1.5881  1.5359  1.6475  1.4774  1.3030  1.5109  1.4862  1.5486  1.6448  1.5780  1.5596  1.6349  1.5486  1.5779  1.5689  1.3232  1.3498  1.3302  1.1880  1.4183  1.3414  1.4463  1.1827  1.5566  1.5253  1.5098  1.3664  1.4800  1.4842  1.0335  1.0091  1.0047  1.0054  1.0048  1.0069  1.0075  1.0089 
3.7359  0.0000  4.0992  1.5707  1.6417  1.6618  1.5799  1.2730  1.6151  1.5151  1.5496  1.6868  1.5881  1.5583  1.6070  1.5803  1.6025  1.5762  1.3594  1.3308  1.3385  1.1913  1.4655  1.3906  1.4951  1.2399  1.5822  1.5487  1.6220  1.3678  1.5852  1.5022  1.0131  1.0113  1.0044  1.0041  1.0089  1.0080  1.0091  1.0127 
3.3254  4.0992  0.0000  1.5409  1.6870  1.6854  1.6161  1.2838  1.6471  1.4519  1.6032  1.6856  1.6385  1.6200  1.6534  1.6587  1.6449  1.6311  1.3135  1.3432  1.3554  1.1963  1.4506  1.4068  1.4770  1.2129  1.6160  1.5670  1.6488  1.3828  1.6142  1.5717  1.0084  1.0091  1.0048  1.0077  1.0067  1.0087  1.0052  1.0366 
1.5881  1.5707  1.5409  0.0000  1.1675  1.4361  1.2716  1.2816  1.2603  1.2572  1.2895  1.3227  1.2720  1.2906  1.2016  1.2095  1.3265  1.3036  1.3181  1.1163  1.1219  1.1023  1.1949  1.1598  1.2062  1.0394  1.2139  1.2795  1.2132  1.3040  1.3170  1.3141  1.0078  1.0064  1.0313  1.0100  1.0071  1.0041  1.0107  1.0054 
1.5359  1.6417  1.6870  1.1675  0.0000  1.6209  2.1836  1.2115  2.3071  1.7488  1.5933  1.5606  1.5874  1.6137  2.1282  2.5729  1.7279  1.6144  1.1618  1.5339  1.5430  1.1806  1.8620  1.6225  1.7583  1.0541  2.1772  1.7446  2.0653  1.3330  1.6686  1.5959  1.0086  1.0079  1.0099  1.0065  1.0054  1.0080  1.0108  1.0320 
1.6475  1.6618  1.6854  1.4361  1.6209  0.0000  1.6268  1.4330  1.6129  1.4805  1.5090  1.5014  1.5638  1.5507  1.5216  1.5596  1.5667  1.5369  1.1861  1.3020  1.3072  1.2564  1.4949  1.4150  1.4528  1.1969  1.6229  1.4625  1.6191  1.2919  1.5126  1.4988  1.0274  1.0085  1.0084  1.0078  1.0336  1.0107  1.0321  1.0296 
1.4774  1.5799  1.6161  1.2716  2.1836  1.6268  0.0000  1.1719  2.2934  2.0003  1.5213  1.5258  1.5976  1.5663  1.7362  1.9782  1.7267  1.5683  1.1943  1.3579  1.3811  1.1266  1.6314  1.5093  1.6324  1.0859  1.8548  1.6663  1.8925  1.3859  1.6840  1.5263  1.0109  1.0047  1.0081  1.0088  1.0067  1.0106  1.0277  1.0816 
1.3030  1.2730  1.2838  1.2816  1.2115  1.4330  1.1719  0.0000  1.1347  1.0951  1.1920  1.1815  1.2283  1.1997  1.1858  1.1766  1.2028  1.2082  1.1081  1.1455  1.1776  1.1815  1.1640  1.2820  1.2157  1.1413  1.1955  1.1515  1.2150  1.1720  1.1200  1.1969  1.0305  1.0098  1.0059  1.0096  1.0083  1.0065  1.0094  1.0146 
1.5109  1.6151  1.6471  1.2603  2.3071  1.6129  2.2934  1.1347  0.0000  1.9659  1.7628  1.6023  1.7964  1.7731  1.7607  2.1575  1.9999  1.7669  1.1880  1.3862  1.3440  1.1701  1.6411  1.4926  1.7629  1.0951  2.2177  1.8731  2.3073  1.4292  1.9304  1.7310  1.0062  1.0078  1.0105  1.0054  1.0044  1.0521  1.0114  1.0338 
1.4862  1.5151  1.4519  1.2572  1.7488  1.4805  2.0003  1.0951  1.9659  0.0000  1.7047  1.6719  1.7346  1.6899  1.5402  1.6659  1.7177  1.6611  1.2230  1.2819  1.2721  1.1016  1.4355  1.3553  1.4843  1.1331  1.7357  1.4850  1.6945  1.4215  1.7447  1.6330  1.0115  1.0095  1.0079  1.0300  1.0052  1.0098  1.0099  1.0354 
1.5486  1.5496  1.6032  1.2895  1.5933  1.5090  1.5213  1.1920  1.7628  1.7047  0.0000  1.7958  4.0665  4.4686  1.5499  1.6414  2.3435  3.9539  1.1269  1.2938  1.2876  1.2677  1.4282  1.4237  1.4616  1.2412  1.7818  1.7246  1.7938  1.5636  2.2422  2.2780  1.0321  1.0075  1.0081  1.0298  1.0096  1.0287  1.0075  1.0561 
1.6448  1.6868  1.6856  1.3227  1.5606  1.5014  1.5258  1.1815  1.6023  1.6719  1.7958  0.0000  1.8247  1.8061  1.5374  1.5275  1.6993  1.8051  1.1375  1.3642  1.3652  1.1235  1.3998  1.2828  1.4723  1.1262  1.5945  1.4911  1.5868  1.3937  1.7420  1.6045  1.0123  1.0298  1.0082  1.0054  1.0277  1.0052  1.0086  1.0076 
1.5780  1.5881  1.6385  1.2720  1.5874  1.5638  1.5976  1.2283  1.7964  1.7346  4.0665  1.8247  0.0000  3.9922  1.5437  1.6004  2.2334  3.7164  1.1262  1.3168  1.3128  1.2346  1.4566  1.3759  1.4572  1.2126  1.7747  1.6654  1.7422  1.5596  2.2510  2.1866  1.0330  1.0087  1.0081  1.0063  1.0090  1.0327  1.0074  1.0791 
1.5596  1.5583  1.6200  1.2906  1.6137  1.5507  1.5663  1.1997  1.7731  1.6899  4.4686  1.8061  3.9922  0.0000  1.5626  1.6301  2.3007  3.8243  1.1261  1.3294  1.3229  1.2346  1.4284  1.4642  1.4346  1.2090  1.8245  1.7293  1.8369  1.5518  2.2576  2.1795  1.0098  1.0074  1.0099  1.0288  1.0058  1.0072  1.0067  1.0784 
1.6349  1.6070  1.6534  1.2016  2.1282  1.5216  1.7362  1.1858  1.7607  1.5402  1.5499  1.5374  1.5437  1.5626  0.0000  2.2990  1.6449  1.5467  1.0992  1.8302  1.7964  1.2106  2.0517  1.5826  1.7659  1.1251  1.9614  1.6103  1.8823  1.3038  1.5944  1.4749  1.0061  1.0098  1.0303  1.0269  1.0081  1.0071  1.0093  1.0296 
1.5486  1.5803  1.6587  1.2095  2.5729  1.5596  1.9782  1.1766  2.1575  1.6659  1.6414  1.5275  1.6004  1.6301  2.2990  0.0000  1.8078  1.6117  1.1114  1.5808  1.6256  1.1625  2.0485  1.5991  1.9972  1.1350  2.5074  1.8771  2.4372  1.3556  1.7370  1.5781  1.0086  1.0097  1.0313  1.0275  1.0063  1.0086  1.0081  1.0316 
1.5779  1.6025  1.6449  1.3265  1.7279  1.5667  1.7267  1.2028  1.9999  1.7177  2.3435  1.6993  2.2334  2.3007  1.6449  1.8078  0.0000  2.2376  1.2033  1.3613  1.3871  1.2050  1.5584  1.4512  1.6185  1.1818  2.0560  1.9133  2.0638  1.6715  3.5997  2.4668  1.0278  1.0066  1.0287  1.0057  1.0080  1.0068  1.0122  1.0076 
1.5689  1.5762  1.6311  1.3036  1.6144  1.5369  1.5683  1.2082  1.7669  1.6611  3.9539  1.8051  3.7164  3.8243  1.5467  1.6117  2.2376  0.0000  1.1252  1.3183  1.3143  1.2002  1.4249  1.4055  1.4291  1.2376  1.8031  1.7144  1.8126  1.5952  2.2921  2.1542  1.0090  1.0085  1.0072  1.0100  1.0077  1.0096  1.0310  1.0780 
1.3232  1.3594  1.3135  1.3181  1.1618  1.1861  1.1943  1.1081  1.1880  1.2230  1.1269  1.1375  1.1262  1.1261  1.0992  1.1114  1.2033  1.1252  0.0000  1.1521  1.1778  1.0516  1.0712  1.1556  1.1480  1.0346  1.1797  1.1995  1.1805  1.1630  1.2003  1.1407  1.0082  1.0095  1.0079  1.0079  1.0084  1.0059  1.0061  1.0309 
1.3498  1.3308  1.3432  1.1163  1.5339  1.3020  1.3579  1.1455  1.3862  1.2819  1.2938  1.3642  1.3168  1.3294  1.8302  1.5808  1.3613  1.3183  1.1521  0.0000  4.5279  1.1222  2.0317  1.3374  1.6302  1.0768  1.5580  1.3129  1.5037  1.1856  1.3779  1.2949  1.0070  1.0060  1.0041  1.0063  1.0071  1.0084  1.0118  1.0096 
1.3302  1.3385  1.3554  1.1219  1.5430  1.3072  1.3811  1.1776  1.3440  1.2721  1.2876  1.3652  1.3128  1.3229  1.7964  1.6256  1.3871  1.3143  1.1778  4.5279  0.0000  1.1785  2.0420  1.3391  1.6296  1.0758  1.5171  1.3072  1.4654  1.1829  1.3362  1.2608  1.0092  1.0092  1.0277  1.0055  1.0073  1.0099  1.0149  1.0354 
1.1880  1.1913  1.1963  1.1023  1.1806  1.2564  1.1266  1.1815  1.1701  1.1016  1.2677  1.1235  1.2346  1.2346  1.2106  1.1625  1.2050  1.2002  1.0516  1.1222  1.1785  0.0000  1.1617  1.2582  1.1151  1.5830  1.1882  1.1841  1.1909  1.1399  1.2021  1.2423  1.0041  1.0092  1.0090  1.0094  1.0081  1.0055  1.0068  1.0060 
1.4183  1.4655  1.4506  1.1949  1.8620  1.4949  1.6314  1.1640  1.6411  1.4355  1.4282  1.3998  1.4566  1.4284  2.0517  2.0485  1.5584  1.4249  1.0712  2.0317  2.0420  1.1617  0.0000  1.3788  1.9139  1.0708  1.8732  1.5078  1.7868  1.3120  1.4864  1.3762  1.0080  1.0086  1.0037  1.0069  1.0074  1.0078  1.0174  1.0355 
1.3414  1.3906  1.4068  1.1598  1.6225  1.4150  1.5093  1.2820  1.4926  1.3553  1.4237  1.2828  1.3759  1.4642  1.5826  1.5991  1.4512  1.4055  1.1556  1.3374  1.3391  1.2582  1.3788  0.0000  1.3640  1.0978  1.5565  1.3944  1.4965  1.1607  1.3961  1.4017  1.0058  1.0105  1.0303  1.0055  1.0082  1.0111  1.0131  1.0097 
1.4463  1.4951  1.4770  1.2062  1.7583  1.4528  1.6324  1.2157  1.7629  1.4843  1.4616  1.4723  1.4572  1.4346  1.7659  1.9972  1.6185  1.4291  1.1480  1.6302  1.6296  1.1151  1.9139  1.3640  0.0000  1.1536  2.0234  1.7851  1.9708  1.3823  1.5864  1.5361  1.0071  1.0067  1.0302  1.0509  1.0051  1.0103  1.0110  1.0295 
1.1827  1.2399  1.2129  1.0394  1.0541  1.1969  1.0859  1.1413  1.0951  1.1331  1.2412  1.1262  1.2126  1.2090  1.1251  1.1350  1.1818  1.2376  1.0346  1.0768  1.0758  1.5830  1.0708  1.0978  1.1536  0.0000  1.1118  1.1832  1.0663  1.2527  1.2104  1.2869  1.0069  1.0126  1.0115  1.0093  1.0072  1.0075  1.0038  1.0112 
1.5566  1.5822  1.6160  1.2139  2.1772  1.6229  1.8548  1.1955  2.2177  1.7357  1.7818  1.5945  1.7747  1.8245  1.9614  2.5074  2.0560  1.8031  1.1797  1.5580  1.5171  1.1882  1.8732  1.5565  2.0234  1.1118  0.0000  2.1131  4.5109  1.4417  1.9783  1.7311  1.0112  1.0084  1.0077  1.0083  1.0047  1.0085  1.0107  1.0501 
1.5253  1.5487  1.5670  1.2795  1.7446  1.4625  1.6663  1.1515  1.8731  1.4850  1.7246  1.4911  1.6654  1.7293  1.6103  1.8771  1.9133  1.7144  1.1995  1.3129  1.3072  1.1841  1.5078  1.3944  1.7851  1.1832  2.1131  0.0000  2.0603  1.6327  1.8721  1.7624  1.0079  1.0048  1.0086  1.0057  1.0078  1.0110  1.0041  1.0079 
1.5098  1.6220  1.6488  1.2132  2.0653  1.6191  1.8925  1.2150  2.3073  1.6945  1.7938  1.5868  1.7422  1.8369  1.8823  2.4372  2.0638  1.8126  1.1805  1.5037  1.4654  1.1909  1.7868  1.4965  1.9708  1.0663  4.5109  2.0603  0.0000  1.4732  1.9806  1.7869  1.0106  1.0064  1.0069  1.0092  1.0043  1.0298  1.0119  1.0293 
1.3664  1.3678  1.3828  1.3040  1.3330  1.2919  1.3859  1.1720  1.4292  1.4215  1.5636  1.3937  1.5596  1.5518  1.3038  1.3556  1.6715  1.5952  1.1630  1.1856  1.1829  1.1399  1.3120  1.1607  1.3823  1.2527  1.4417  1.6327  1.4732  0.0000  1.6933  1.7734  1.0088  1.0057  1.0101  1.0081  1.0067  1.0044  1.0045  1.0088 
1.4800  1.5852  1.6142  1.3170  1.6686  1.5126  1.6840  1.1200  1.9304  1.7447  2.2422  1.7420  2.2510  2.2576  1.5944  1.7370  3.5997  2.2921  1.2003  1.3779  1.3362  1.2021  1.4864  1.3961  1.5864  1.2104  1.9783  1.8721  1.9806  1.6933  0.0000  2.6545  1.0071  1.0082  1.0288  1.0063  1.0082  1.0096  1.0129  1.0083 
1.4842  1.5022  1.5717  1.3141  1.5959  1.4988  1.5263  1.1969  1.7310  1.6330  2.2780  1.6045  2.1866  2.1795  1.4749  1.5781  2.4668  2.1542  1.1407  1.2949  1.2608  1.2423  1.3762  1.4017  1.5361  1.2869  1.7311  1.7624  1.7869  1.7734  2.6545  0.0000  1.0114  1.0092  1.0096  1.0118  1.0054  1.0084  1.0085  1.0064 
1.0335  1.0131  1.0084  1.0078  1.0086  1.0274  1.0109  1.0305  1.0062  1.0115  1.0321  1.0123  1.0330  1.0098  1.0061  1.0086  1.0278  1.0090  1.0082  1.0070  1.0092  1.0041  1.0080  1.0058  1.0071  1.0069  1.0112  1.0079  1.0106  1.0088  1.0071  1.0114  0.0000  1.0177  1.0160  1.0107  1.0083  1.0030  1.0077  1.0064 
1.0091  1.0113  1.0091  1.0064  1.0079  1.0085  1.0047  1.0098  1.0078  1.0095  1.0075  1.0298  1.0087  1.0074  1.0098  1.0097  1.0066  1.0085  1.0095  1.0060  1.0092  1.0092  1.0086  1.0105  1.0067  1.0126  1.0084  1.0048  1.0064  1.0057  1.0082  1.0092  1.0177  0.0000  1.0141  1.0252  1.0153  1.0078  1.0064  1.0087 
1.0047  1.0044  1.0048  1.0313  1.0099  1.0084  1.0081  1.0059  1.0105  1.0079  1.0081  1.0082  1.0081  1.0099  1.0303  1.0313  1.0287  1.0072  1.0079  1.0041  1.0277  1.0090  1.0037  1.0303  1.0302  1.0115  1.0077  1.0086  1.0069  1.0101  1.0288  1.0096  1.0160  1.0141  0.0000  1.0075  1.0116  1.0072  1.0071  1.0096 
1.0054  1.0041  1.0077  1.0100  1.0065  1.0078  1.0088  1.0096  1.0054  1.0300  1.0298  1.0054  1.0063  1.0288  1.0269  1.0275  1.0057  1.0100  1.0079  1.0063  1.0055  1.0094  1.0069  1.0055  1.0509  1.0093  1.0083  1.0057  1.0092  1.0081  1.0063  1.0118  1.0107  1.0252  1.0075  0.0000  1.0240  1.0089  1.0110  1.0067 
1.0048  1.0089  1.0067  1.0071  1.0054  1.0336  1.0067  1.0083  1.0044  1.0052  1.0096  1.0277  1.0090  1.0058  1.0081  1.0063  1.0080  1.0077  1.0084  1.0071  1.0073  1.0081  1.0074  1.0082  1.0051  1.0072  1.0047  1.0078  1.0043  1.0067  1.0082  1.0054  1.0083  1.0153  1.0116  1.0240  0.0000  1.0090  1.0071  1.0081 
1.0069  1.0080  1.0087  1.0041  1.0080  1.0107  1.0106  1.0065  1.0521  1.0098  1.0287  1.0052  1.0327  1.0072  1.0071  1.0086  1.0068  1.0096  1.0059  1.0084  1.0099  1.0055  1.0078  1.0111  1.0103  1.0075  1.0085  1.0110  1.0298  1.0044  1.0096  1.0084  1.0030  1.0078  1.0072  1.0089  1.0090  0.0000  1.0125  1.0079 
1.0075  1.0091  1.0052  1.0107  1.0108  1.0321  1.0277  1.0094  1.0114  1.0099  1.0075  1.0086  1.0074  1.0067  1.0093  1.0081  1.0122  1.0310  1.0061  1.0118  1.0149  1.0068  1.0174  1.0131  1.0110  1.0038  1.0107  1.0041  1.0119  1.0045  1.0129  1.0085  1.0077  1.0064  1.0071  1.0110  1.0071  1.0125  0.0000  1.0068 
1.0089  1.0127  1.0366  1.0054  1.0320  1.0296  1.0816  1.0146  1.0338  1.0354  1.0561  1.0076  1.0791  1.0784  1.0296  1.0316  1.0076  1.0780  1.0309  1.0096  1.0354  1.0060  1.0355  1.0097  1.0295  1.0112  1.0501  1.0079  1.0293  1.0088  1.0083  1.0064  1.0064  1.0087  1.0096  1.0067  1.0081  1.0079  1.0068  0.0000 
# New slice
0.0000  4.5256  3.3151  1.6896  1.6549  1.8220  1.6616  1.5516  1.6809  1.4741  1.5183  1.6715  1.5923  1.5610  1.6453  1.5634  1.6220  1.5175  1.4124  1.4203  1.3744  1.1924  1.4144  1.7110  1.4395  1.0774  1.7081  1.5537  1.7123  1.4132  1.6485  1.5607  1.0079  1.0063  1.0080  1.0095  1.0036  1.0085  1.0071  1.0266 
4.5256  0.0000  4.0197  1.6253  1.7280  1.8899  1.7355  1.5147  1.7482  1.4887  1.5218  1.6817  1.5569  1.5623  1.6772  1.6388  1.6932  1.5604  1.4068  1.4964  1.4113  1.2199  1.4623  1.6372  1.4958  1.0779  1.7898  1.5973  1.7863  1.4491  1.7087  1.5714  1.0083  1.0071  1.0074  1.0067  1.0049  1.0059  1.0072  1.0295 
3.3151  4.0197  0.0000  1.6406  1.8301  1.8965  1.7723  1.5503  1.7521  1.5170  1.6450  1.7380  1.6842  1.6380  1.7080  1.7228  1.7326  1.5576  1.3977  1.5055  1.4516  1.1902  1.5568  1.6501  1.5182  1.1307  1.7908  1.6464  1.7850  1.4577  1.7138  1.6485  1.0081  1.0047  1.0296  1.0281  1.0061  1.0094  1.0084  1.0516 
1.6896  1.6253  1.6406  0.0000  1.3733  1.5814  1.3261  1.3707  1.4066  1.3410  1.4081  1.5613  1.4350  1.3698  1.4105  1.3775  1.4361  1.3716  1.3220  1.3917  1.3526  1.2149  1.2907  1.2469  1.2961  1.0752  1.3414  1.3065  1.3458  1.3791  1.3840  1.4019  1.0093  1.0032  1.0101  1.0081  1.0090  1.0111  1.0092  1.0095 
